0.0	0.0	0.8334080861152047	0.16659191388479533	0.8437338166752978	0.1562661833247022
0.06283185307179587	0.0	0.8311014288460307	0.16889857115396933	0.8445753495598136	0.15542465044018638
0.06283185307179587	-3.141592653589793	0.8354584481322483	0.16454155186775166	0.8466468151216986	0.1533531848783014
0.12566370614359174	0.0	0.8419299032485423	0.15807009675145767	0.8480709476954945	0.15192905230450549
0.12566370614359174	-3.141592653589793	0.835522521945281	0.16447747805471902	0.8393319523562921	0.1606680476437079
0.1884955592153876	0.0	0.8384058435317486	0.16159415646825137	0.8485888140859659	0.15141118591403413
0.1884955592153876	-3.141592653589793	0.8113666944319856	0.1886333055680144	0.8463231486276541	0.15367685137234588
0.25132741228718347	0.0	0.8382136220926507	0.1617863779073493	0.8381667529777318	0.1618332470222682
0.25132741228718347	-3.141592653589793	0.8123918754405075	0.1876081245594925	0.8535732780942517	0.14642672190574835
0.3141592653589793	0.0	0.8226436855257256	0.17735631447427436	0.8417918177110305	0.1582081822889695
0.3141592653589793	-3.141592653589793	0.8079707823412571	0.19202921765874292	0.8527964785085448	0.1472035214914552
0.3769911184307752	0.0	0.8311014288460307	0.16889857115396933	0.837972553081305	0.16202744691869497
0.3769911184307752	-3.141592653589793	0.808163003780355	0.191836996219645	0.8479414810978767	0.1520585189021233
0.4398229715025711	0.0	0.8148907541487794	0.18510924585122057	0.8294924909373381	0.17050750906266188
0.4398229715025711	-3.141592653589793	0.8034215416159416	0.1965784583840584	0.8575867426204039	0.1424132573795961
0.5026548245743669	0.0	0.8113666944319856	0.1886333055680144	0.8267089590885551	0.17329104091144487
0.5026548245743669	-3.141592653589793	0.8328954956109438	0.16710450438905622	0.8606292076644225	0.13937079233557748
0.5654866776461628	0.0	0.8193118472480297	0.18068815275197025	0.8218539616778872	0.17814603832211284
0.5654866776461628	-3.141592653589793	0.8047670916896265	0.19523290831037354	0.849818746763335	0.15018125323666498
0.6283185307179586	0.0	0.8117511373101813	0.18824886268981866	0.8250258933195236	0.17497410668047642
0.6283185307179586	-3.141592653589793	0.8018196962901262	0.19818030370987383	0.8584282755049197	0.14157172449508026
0.6911503837897546	0.0	0.8159800089703338	0.18401999102966615	0.8194588296219575	0.18054117037804251
0.6911503837897546	-3.141592653589793	0.8055359774460178	0.1944640225539822	0.8590108751941999	0.14098912480580006
0.7539822368615504	0.0	0.8175818542961492	0.18241814570385084	0.8150569653029518	0.1849430346970482
0.7539822368615504	-3.141592653589793	0.8031011725507785	0.1968988274492215	0.8564862765406525	0.14351372345934754
0.8168140899333463	0.0	0.8220029473953995	0.17799705260460053	0.8134386328327291	0.1865613671672709
0.8168140899333463	-3.141592653589793	0.8079707823412571	0.19202921765874292	0.8538322112894873	0.14616778871051272
0.8796459430051422	0.0	0.8227718331517908	0.1772281668482092	0.8080010357327809	0.19199896426721907
0.8796459430051422	-3.141592653589793	0.7998974818991478	0.20010251810085222	0.8522138788192646	0.14778612118073542
0.942477796076938	0.0	0.8175818542961492	0.18241814570385084	0.8032755049197307	0.19672449508026935
0.942477796076938	-3.141592653589793	0.7882360479272121	0.21176395207278786	0.8371957534955982	0.16280424650440184
1.0053096491487339	0.0	0.8196322163131928	0.18036778368680717	0.8021750388399793	0.19782496116002068
1.0053096491487339	-3.141592653589793	0.7859934644710707	0.21400653552892934	0.837260486794407	0.162739513205593
1.0681415022205298	0.0	0.8189914781828667	0.18100852181713334	0.7890341791817711	0.2109658208182289
1.0681415022205298	-3.141592653589793	0.7834945857627987	0.21650541423720127	0.8344122216468152	0.16558777835318483
1.1309733552923256	0.0	0.817453706670084	0.182546293329916	0.7950543759709995	0.20494562402900052
1.1309733552923256	-3.141592653589793	0.777984237841994	0.222015762158006	0.8267736923873641	0.1732263076126359
1.1938052083641215	0.0	0.7986800794515282	0.2013199205484718	0.7962843086483687	0.20371569135163126
1.1938052083641215	-3.141592653589793	0.7752290638815916	0.22477093611840837	0.8305282237182807	0.16947177628171928
1.2566370614359172	0.0	0.8041263535593003	0.1958736464406997	0.7894873122734335	0.2105126877265665
1.2566370614359172	-3.141592653589793	0.7752290638815916	0.22477093611840837	0.82819782496116	0.17180217503884
1.3194689145077132	0.0	0.8127763183187031	0.18722368168129688	0.7852149145520456	0.21478508544795438
1.3194689145077132	-3.141592653589793	0.7720253732299609	0.2279746267700391	0.8257379596064215	0.1742620403935785
1.3823007675795091	0.0	0.8062407893893766	0.1937592106106234	0.7797773174520973	0.22022268254790267
1.3823007675795091	-3.141592653589793	0.7525469340680464	0.2474530659319536	0.8072889694458829	0.1927110305541171
1.4451326206513049	0.0	0.8034856154289742	0.19651438457102577	0.7791299844640083	0.22087001553599173
1.4451326206513049	-3.141592653589793	0.7451143717562632	0.25488562824373684	0.7916235111341274	0.20837648886587257
1.5079644737231008	0.0	0.8090600371628116	0.1909399628371884	0.7857327809425169	0.21426721905748314
1.5079644737231008	-3.141592653589793	0.7515217530595246	0.24847824694047538	0.800297773174521	0.199702226825479
1.5707963267948968	0.0	0.8034856154289742	0.19651438457102577	0.7815251165199378	0.21847488348006217
1.5707963267948968	-3.141592653589793	0.7540206317677965	0.24597936823220345	0.7816545831175556	0.21834541688244435
1.6336281798666925	0.0	0.8068815275197027	0.19311847248029734	0.7817193164163646	0.2182806835836354
1.6336281798666925	-3.141592653589793	0.7504324982379701	0.2495675017620299	0.7745986535473848	0.22540134645261523
1.6964600329384885	0.0	0.7959249054911258	0.20407509450887418	0.7729155877783532	0.22708441222164677
1.6964600329384885	-3.141592653589793	0.7392195809572628	0.2607804190427372	0.7746633868461937	0.22533661315380626
1.7592918860102844	0.0	0.8171333376049209	0.1828666623950791	0.7790005178663905	0.22099948213360954
1.7592918860102844	-3.141592653589793	0.7530595245723073	0.2469404754276927	0.774404453650958	0.225595546349042
1.8221237390820801	0.0	0.8190555519958993	0.1809444480041007	0.7770585189021233	0.2229414810978767
1.8221237390820801	-3.141592653589793	0.7501121291728071	0.24988787082719288	0.7614577938891766	0.23854220611082344
1.884955592153876	0.0	0.796053053117191	0.203946946882809	0.7766701191092699	0.22332988089073014
1.884955592153876	-3.141592653589793	0.751457679246492	0.24854232075350802	0.7634645261522527	0.2365354738477473
1.9477874452256718	0.0	0.8147626065227142	0.18523739347728585	0.7698731227343345	0.2301268772656655
1.9477874452256718	-3.141592653589793	0.7401166143397193	0.2598833856602807	0.7477990678404971	0.2522009321595029
2.0106192982974678	0.0	0.8173255590440187	0.1826744409559813	0.7798420507509063	0.2201579492490937
2.0106192982974678	-3.141592653589793	0.7451143717562632	0.25488562824373684	0.743008803728638	0.256991196271362
2.0734511513692637	0.0	0.8105978086755943	0.18940219132440572	0.7718151216986018	0.22818487830139822
2.0734511513692637	-3.141592653589793	0.7540847055808291	0.24591529441917093	0.7389953392024857	0.2610046607975143
2.1362830044410597	0.0	0.8237329403472801	0.17626705965271994	0.7738218539616779	0.2261781460383221
2.1362830044410597	-3.141592653589793	0.7553021080284488	0.24469789197155123	0.7358234075608493	0.2641765924391507
2.199114857512855	0.0	0.8004741462164413	0.1995258537835587	0.7672190574831693	0.23278094251683068
2.199114857512855	-3.141592653589793	0.7485102838469917	0.2514897161530083	0.7328456758156395	0.26715432418436047
2.261946710584651	0.0	0.8104696610495291	0.1895303389504709	0.7756991196271362	0.22430088037286378
2.261946710584651	-3.141592653589793	0.7620939322099058	0.23790606779009416	0.7282496116002072	0.2717503883997928
2.324778563656447	0.0	0.8278977381943999	0.17210226180560007	0.7828845157949249	0.2171154842050751
2.324778563656447	-3.141592653589793	0.7635676299096559	0.23643237009034412	0.7272138788192646	0.2727861211807354
2.387610416728243	0.0	0.8252707118600628	0.17472928813993716	0.7762169860176075	0.22378301398239253
2.387610416728243	-3.141592653589793	0.7674761325046453	0.2325238674953547	0.7291558777835319	0.27084412221646814
2.450442269800039	0.0	0.8190555519958993	0.1809444480041007	0.7808777835318488	0.21912221646815122
2.450442269800039	-3.141592653589793	0.7600435701928622	0.23995642980713783	0.7321336095287416	0.2678663904712584
2.5132741228718345	0.0	0.8042545011853656	0.19574549881463443	0.7769290523045055	0.22307094769549451
2.5132741228718345	-3.141592653589793	0.7819568142500161	0.21804318574998394	0.7281201450025894	0.27187985499741063
2.5761059759436304	0.0	0.8307169859678349	0.16928301403216506	0.7820429829104091	0.21795701708959092
2.5761059759436304	-3.141592653589793	0.7819568142500161	0.21804318574998394	0.7242361470740549	0.2757638529259451
2.6389378290154264	0.0	0.8384058435317486	0.16159415646825137	0.7851501812532367	0.21484981874676334
2.6389378290154264	-3.141592653589793	0.774332030499135	0.22566796950086498	0.7297384774728121	0.27026152252718794
2.7017696820872223	0.0	0.8168129685397578	0.18318703146024218	0.7771879854997411	0.2228120145002589
2.7017696820872223	-3.141592653589793	0.7699750112129172	0.23002498878708277	0.7303210771620922	0.26967892283790784
2.7646015351590183	0.0	0.8150189017748446	0.1849810982251554	0.7810719834282756	0.21892801657172445
2.7646015351590183	-3.141592653589793	0.7774075735247005	0.22259242647529953	0.7250129466597618	0.2749870533402382
2.8274333882308142	0.0	0.808803741910681	0.19119625808931895	0.7795183842568617	0.2204816157431383
2.8274333882308142	-3.141592653589793	0.8002819247773435	0.1997180752226565	0.734658208182289	0.265341791817711
2.8902652413026098	0.0	0.8336003075543026	0.1663996924456974	0.78495598135681	0.21504401864319
2.8902652413026098	-3.141592653589793	0.8057922726981482	0.19420772730185176	0.7425556706369757	0.2574443293630243
2.9530970943744057	0.0	0.8416736079964119	0.1583263920035881	0.7872216468151217	0.21277835318487826
2.9530970943744057	-3.141592653589793	0.8158518613442686	0.18414813865573143	0.7360823407560849	0.2639176592439151
3.0159289474462017	0.0	0.8354584481322483	0.16454155186775166	0.7791299844640083	0.22087001553599173
3.0159289474462017	-3.141592653589793	0.8123918754405075	0.1876081245594925	0.7515535991714137	0.24844640082858627
3.0787608005179976	0.0	0.8205292496956494	0.17947075030435056	0.7763464526152253	0.22365354738477472
3.0787608005179976	-3.141592653589793	0.7961171269302236	0.20388287306977637	0.7486406007250129	0.25135939927498707
3.141592653589793	0.0	0.8104696610495291	0.1895303389504709	0.7788063179699638	0.2211936820300362
