0.0	0.0	0.9974272173324306	0.00257278266756944	-0.085	1.085	
0.08377580409572781	0.0	0.9981042654028436	0.0018957345971564177	-0.085	1.085	
0.16755160819145562	0.0	0.996614759647935	0.003385240352065	-0.085	1.085	
0.2513274122871834	0.0	0.9863236289776575	0.013676371022342537	-0.085	1.085	
0.33510321638291124	0.0	0.9738659444820582	0.02613405551794179	-0.085	1.085	
0.41887902047863906	0.0	0.9605958023019634	0.0394041976980366	-0.085	1.085	
0.5026548245743668	0.0	0.9373053486797562	0.06269465132024377	-0.085	1.085	
0.5864306286700947	0.0	0.9209207853757617	0.07907921462423828	-0.085	1.085	
0.6702064327658225	0.0	0.8961408259986459	0.10385917400135414	-0.085	1.085	
0.7539822368615503	0.0	0.8750169262017603	0.1249830737982397	-0.085	1.085	
0.8377580409572781	0.0	0.8254570074475288	0.1745429925524712	-0.085	1.085	
0.921533845053006	0.0	0.806093432633717	0.19390656736628298	-0.085	1.085	
1.0053096491487337	0.0	0.7748138117806365	0.22518618821936354	-0.085	1.085	
1.0890854532444616	0.0	0.7352742044685172	0.2647257955314828	-0.085	1.085	
1.1728612573401893	0.0	0.7006093432633717	0.29939065673662835	-0.085	1.085	
1.2566370614359172	0.0	0.6610697359512525	0.3389302640487475	-0.085	1.085	
1.340412865531645	0.0	0.6189573459715639	0.38104265402843607	-0.085	1.085	
1.4241886696273727	0.0	0.5719702098849019	0.4280297901150981	-0.085	1.085	
1.5079644737231006	0.0	0.5427217332430603	0.4572782667569397	-0.085	1.085	
1.5917402778188283	0.0	0.4949221394719025	0.5050778605280974	-0.085	1.085	
1.6755160819145563	0.0	0.4583615436696005	0.5416384563303995	-0.085	1.085	
1.759291886010284	0.0	0.40907244414353416	0.5909275558564658	-0.085	1.085	
1.843067690106012	0.0	0.37278266756939743	0.6272173324306025	-0.085	1.085	
1.9268434942017396	0.0	0.3320243737305349	0.6679756262694652	-0.085	1.085	
2.0106192982974673	0.0	0.3035883547731889	0.6964116452268111	-0.085	1.085	
2.0943951023931953	0.0	0.26012186865267434	0.7398781313473257	-0.085	1.085	
2.178170906488923	0.0	0.22640487474610696	0.7735951252538931	-0.085	1.085	
2.2619467105846507	0.0	0.1883547731888964	0.8116452268111036	-0.085	1.085	
2.3457225146803786	0.0	0.15531482735274205	0.844685172647258	-0.085	1.085	
2.4294983187761066	0.0	0.13540961408259986	0.8645903859174001	-0.085	1.085	
2.5132741228718345	0.0	0.09627623561272851	0.9037237643872715	-0.085	1.085	
2.597049926967562	0.0	0.07068381855111713	0.9293161814488828	-0.085	1.085	
2.68082573106329	0.0	0.05727826675693974	0.9427217332430603	-0.085	1.085	
2.764601535159018	0.0	0.04075829383886256	0.9592417061611375	-0.085	1.085	
2.8483773392547453	0.0	0.021936357481381178	0.9780636425186188	-0.085	1.085	
2.9321531433504733	0.0	0.018821936357481382	0.9811780636425186	-0.085	1.085	
3.015928947446201	0.0	0.009478672985781991	0.990521327014218	-0.085	1.085	
3.099704751541929	0.0	0.0024373730534867975	0.9975626269465132	-0.085	1.085	
3.1834805556376566	0.0	0.006093432633716994	0.993906567366283	-0.085	1.085	
3.2672563597333846	0.0	0.004062288422477996	0.995937711577522	-0.085	1.085	
3.3510321638291125	0.0	0.012186865267433988	0.987813134732566	-0.085	1.085	
3.43480796792484	0.0	0.01936357481381178	0.9806364251861882	-0.085	1.085	
3.518583772020568	0.0	0.03818551117129316	0.9618144888287068	-0.085	1.085	
3.602359576116296	0.0	0.058767772511848344	0.9412322274881516	-0.085	1.085	
3.686135380212024	0.0	0.06770480704129993	0.9322951929587001	-0.085	1.085	
3.7699111843077513	0.0	0.0977657413676371	0.9022342586323628	-0.085	1.085	
3.8536869884034792	0.0	0.11943127962085308	0.8805687203791469	-0.085	1.085	
3.937462792499207	0.0	0.14475287745429927	0.8552471225457008	-0.085	1.085	
4.021238596594935	0.0	0.17792823290453622	0.8220717670954638	-0.085	1.085	
4.105014400690663	0.0	0.2139471902505078	0.7860528097494922	-0.085	1.085	
4.1887902047863905	0.0	0.24901828029790116	0.7509817197020988	-0.085	1.085	
4.2725660088821185	0.0	0.2840893703452945	0.7159106296547055	-0.085	1.085	
4.356341812977846	0.0	0.32146242383209206	0.678537576167908	-0.085	1.085	
4.440117617073574	0.0	0.35179417738659446	0.6482058226134055	-0.085	1.085	
4.523893421169301	0.0	0.3995937711577522	0.6004062288422478	-0.085	1.085	
4.607669225265029	0.0	0.43398781313473256	0.5660121868652674	-0.085	1.085	
4.691445029360757	0.0	0.4918077183480027	0.5081922816519973	-0.085	1.085	
4.775220833456485	0.0	0.533649289099526	0.466350710900474	-0.085	1.085	
4.858996637552213	0.0	0.563439404197698	0.436560595802302	-0.085	1.085	
4.942772441647941	0.0	0.6124576844955992	0.38754231550440077	-0.085	1.085	
5.026548245743669	0.0	0.6555179417738659	0.3444820582261341	-0.085	1.085	
5.110324049839396	0.0	0.6881516587677725	0.3118483412322275	-0.085	1.085	
5.194099853935124	0.0	0.7321597833446175	0.2678402166553825	-0.085	1.085	
5.277875658030852	0.0	0.7691266079891672	0.2308733920108328	-0.085	1.085	
5.36165146212658	0.0	0.8036560595802302	0.19634394041976977	-0.085	1.085	
5.445427266222308	0.0	0.8320920785375762	0.16790792146242384	-0.085	1.085	
5.529203070318036	0.0	0.8584969532836831	0.14150304671631686	-0.085	1.085	
5.612978874413764	0.0	0.8832769126607989	0.11672308733920111	-0.085	1.085	
5.696754678509491	0.0	0.9207853757616791	0.07921462423832093	-0.085	1.085	
5.780530482605219	0.0	0.9364928909952607	0.06350710900473933	-0.085	1.085	
5.864306286700947	0.0	0.9558564658090725	0.044143534190927536	-0.085	1.085	
5.9480820907966745	0.0	0.9725118483412323	0.027488151658767723	-0.085	1.085	
6.031857894892402	0.0	0.9845633039945836	0.015436696005416417	-0.085	1.085	
6.11563369898813	0.0	0.9914691943127962	0.008530805687203769	-0.085	1.085	
6.199409503083858	0.0	1.0012186865267434	-0.0012186865267433955	-0.085	1.085	
