0.0	0.0	0.9992192582953806	0.0007807417046193921	-0.13033832501386577	1.1303383250138657	
0.08377580409572781	0.0	1.0010409889394924	-0.0010409889394924488	-0.13033832501386577	1.1303383250138657	
0.16755160819145562	0.0	0.9980481457384516	0.0019518542615484247	-0.13033832501386577	1.1303383250138657	
0.2513274122871834	0.0	0.9914118412491867	0.008588158750813313	-0.13033832501386577	1.1303383250138657	
0.33510321638291124	0.0	0.9819128171763175	0.01808718282368249	-0.13033832501386577	1.1303383250138657	
0.41887902047863906	0.0	0.9699414443721536	0.03005855562784643	-0.13033832501386577	1.1303383250138657	
0.5026548245743668	0.0	0.9475601821730644	0.05243981782693563	-0.13033832501386577	1.1303383250138657	
0.5864306286700947	0.0	0.9309043591411841	0.06909564085881592	-0.13033832501386577	1.1303383250138657	
0.6702064327658225	0.0	0.9098243331164606	0.0901756668835394	-0.13033832501386577	1.1303383250138657	
0.7539822368615503	0.0	0.8817176317501626	0.1182823682498374	-0.13033832501386577	1.1303383250138657	
0.8377580409572781	0.0	0.8477553675992192	0.1522446324007808	-0.13033832501386577	1.1303383250138657	
0.921533845053006	0.0	0.8287573194534809	0.17124268054651914	-0.13033832501386577	1.1303383250138657	
1.0053096491487337	0.0	0.785035783994795	0.214964216005205	-0.13033832501386577	1.1303383250138657	
1.0890854532444616	0.0	0.758750813272609	0.24124918672739104	-0.13033832501386577	1.1303383250138657	
1.1728612573401893	0.0	0.712687052700065	0.28731294729993495	-0.13033832501386577	1.1303383250138657	
1.2566370614359172	0.0	0.678334417696812	0.321665582303188	-0.13033832501386577	1.1303383250138657	
1.340412865531645	0.0	0.6448926480156149	0.35510735198438514	-0.13033832501386577	1.1303383250138657	
1.4241886696273727	0.0	0.605985686402082	0.39401431359791805	-0.13033832501386577	1.1303383250138657	
1.5079644737231006	0.0	0.5590110605074821	0.44098893949251794	-0.13033832501386577	1.1303383250138657	
1.5917402778188283	0.0	0.5102147039687703	0.48978529603122967	-0.13033832501386577	1.1303383250138657	
1.6755160819145563	0.0	0.48171763175016263	0.5182823682498374	-0.13033832501386577	1.1303383250138657	
1.759291886010284	0.0	0.43148991541964865	0.5685100845803513	-0.13033832501386577	1.1303383250138657	
1.843067690106012	0.0	0.39791802212101496	0.602081977878985	-0.13033832501386577	1.1303383250138657	
1.9268434942017396	0.0	0.3483409238776838	0.6516590761223162	-0.13033832501386577	1.1303383250138657	
2.0106192982974673	0.0	0.32270657124268054	0.6772934287573195	-0.13033832501386577	1.1303383250138657	
2.0943951023931953	0.0	0.2801561483409239	0.7198438516590762	-0.13033832501386577	1.1303383250138657	
2.178170906488923	0.0	0.24150943396226415	0.7584905660377359	-0.13033832501386577	1.1303383250138657	
2.2619467105846507	0.0	0.21405335068314899	0.785946649316851	-0.13033832501386577	1.1303383250138657	
2.3457225146803786	0.0	0.17644762524398178	0.8235523747560183	-0.13033832501386577	1.1303383250138657	
2.4294983187761066	0.0	0.1495120364346129	0.8504879635653871	-0.13033832501386577	1.1303383250138657	
2.5132741228718345	0.0	0.12635003253090435	0.8736499674690956	-0.13033832501386577	1.1303383250138657	
2.597049926967562	0.0	0.10735198438516591	0.8926480156148341	-0.13033832501386577	1.1303383250138657	
2.68082573106329	0.0	0.08145738451528953	0.9185426154847105	-0.13033832501386577	1.1303383250138657	
2.764601535159018	0.0	0.0653220559531555	0.9346779440468445	-0.13033832501386577	1.1303383250138657	
2.8483773392547453	0.0	0.04749512036434613	0.9525048796356539	-0.13033832501386577	1.1303383250138657	
2.9321531433504733	0.0	0.0405985686402082	0.9594014313597918	-0.13033832501386577	1.1303383250138657	
3.015928947446201	0.0	0.026024723487312947	0.973975276512687	-0.13033832501386577	1.1303383250138657	
3.099704751541929	0.0	0.02797657774886142	0.9720234222511386	-0.13033832501386577	1.1303383250138657	
3.1834805556376566	0.0	0.016916070266753416	0.9830839297332465	-0.13033832501386577	1.1303383250138657	
3.2672563597333846	0.0	0.024072869225764477	0.9759271307742355	-0.13033832501386577	1.1303383250138657	
3.3510321638291125	0.0	0.02108002602472349	0.9789199739752765	-0.13033832501386577	1.1303383250138657	
3.43480796792484	0.0	0.033311646063760574	0.9666883539362394	-0.13033832501386577	1.1303383250138657	
3.518583772020568	0.0	0.047625243981782694	0.9523747560182173	-0.13033832501386577	1.1303383250138657	
3.602359576116296	0.0	0.0605074821080026	0.9394925178919974	-0.13033832501386577	1.1303383250138657	
3.686135380212024	0.0	0.08353936239427456	0.9164606376057254	-0.13033832501386577	1.1303383250138657	
3.7699111843077513	0.0	0.09564085881587508	0.904359141184125	-0.13033832501386577	1.1303383250138657	
3.8536869884034792	0.0	0.12765126870527	0.87234873129473	-0.13033832501386577	1.1303383250138657	
3.937462792499207	0.0	0.1505530253741054	0.8494469746258946	-0.13033832501386577	1.1303383250138657	
4.021238596594935	0.0	0.18022121014964215	0.8197787898503579	-0.13033832501386577	1.1303383250138657	
4.105014400690663	0.0	0.21834743005855564	0.7816525699414444	-0.13033832501386577	1.1303383250138657	
4.1887902047863905	0.0	0.2494469746258946	0.7505530253741054	-0.13033832501386577	1.1303383250138657	
4.2725660088821185	0.0	0.2985035783994795	0.7014964216005205	-0.13033832501386577	1.1303383250138657	
4.356341812977846	0.0	0.3124268054651919	0.687573194534808	-0.13033832501386577	1.1303383250138657	
4.440117617073574	0.0	0.3415744957709824	0.6584255042290176	-0.13033832501386577	1.1303383250138657	
4.523893421169301	0.0	0.3931034482758621	0.6068965517241379	-0.13033832501386577	1.1303383250138657	
4.607669225265029	0.0	0.42966818477553675	0.5703318152244632	-0.13033832501386577	1.1303383250138657	
4.691445029360757	0.0	0.4627195836044242	0.5372804163955758	-0.13033832501386577	1.1303383250138657	
4.775220833456485	0.0	0.5100845803513337	0.48991541964866625	-0.13033832501386577	1.1303383250138657	
4.858996637552213	0.0	0.5621340273259596	0.43786597267404037	-0.13033832501386577	1.1303383250138657	
4.942772441647941	0.0	0.5993493819128172	0.40065061808718283	-0.13033832501386577	1.1303383250138657	
5.026548245743669	0.0	0.6443721535458685	0.3556278464541315	-0.13033832501386577	1.1303383250138657	
5.110324049839396	0.0	0.6677944046844503	0.3322055953155497	-0.13033832501386577	1.1303383250138657	
5.194099853935124	0.0	0.7087833441769681	0.2912166558230319	-0.13033832501386577	1.1303383250138657	
5.277875658030852	0.0	0.7499024072869226	0.2500975927130774	-0.13033832501386577	1.1303383250138657	
5.36165146212658	0.0	0.7815224463240078	0.2184775536759922	-0.13033832501386577	1.1303383250138657	
5.445427266222308	0.0	0.8217306441119063	0.17826935588809367	-0.13033832501386577	1.1303383250138657	
5.529203070318036	0.0	0.8506180871828237	0.14938191281717628	-0.13033832501386577	1.1303383250138657	
5.612978874413764	0.0	0.867273910214704	0.132726089785296	-0.13033832501386577	1.1303383250138657	
5.696754678509491	0.0	0.8955107351984385	0.10448926480156151	-0.13033832501386577	1.1303383250138657	
5.780530482605219	0.0	0.9260897852960313	0.07391021470396875	-0.13033832501386577	1.1303383250138657	
5.864306286700947	0.0	0.9475601821730644	0.05243981782693563	-0.13033832501386577	1.1303383250138657	
5.9480820907966745	0.0	0.9614834092387768	0.03851659076122316	-0.13033832501386577	1.1303383250138657	
6.031857894892402	0.0	0.9777488614183474	0.02225113858165262	-0.13033832501386577	1.1303383250138657	
6.11563369898813	0.0	0.9872478854912167	0.01275211450878333	-0.13033832501386577	1.1303383250138657	
6.199409503083858	0.0	0.9966167859466493	0.003383214053350736	-0.13033832501386577	1.1303383250138657	
