0.044725087168733454	5.0832036923152595	0.8011305241521068	0.19886947584789316	0.8024012006003002	0.19759879939969982	
0.07747904492388095	2.683240462586607	0.7754367934224049	0.2245632065775951	0.7893946973486743	0.2106053026513257	
0.10004171361154007	0.2832772328579516	0.7692702980472764	0.23072970195272358	0.768384192096048	0.23161580790395198	
0.11839072552777699	4.166499310308886	0.7774922918807811	0.22250770811921894	0.7823911955977989	0.2176088044022011	
0.13426490601813668	1.7665360805802308	0.7867420349434738	0.21325796505652617	0.7573786893446723	0.24262131065532766	
0.14846027099665982	5.649758158031162	0.8042137718396711	0.19578622816032887	0.784392196098049	0.215607803901951	
0.1614203501484288	3.2497949283025065	0.7620760534429599	0.23792394655704008	0.7783891945972986	0.2216108054027014	
0.17342232109560457	0.8498316985738512	0.8227132579650566	0.17728674203494343	0.7753876938469234	0.2246123061530766	
0.18465311382502114	4.733053776024796	0.7939362795477903	0.20606372045220966	0.7793896948474237	0.2206103051525763	
0.19524586236593036	2.333090546296141	0.749743062692703	0.25025693730729703	0.7783891945972986	0.2216108054027014	
0.20529936385294065	6.216312623747072	0.8165467625899281	0.1834532374100719	0.7773886943471736	0.22261130565282639	
0.21488932711016984	3.8163493940184168	0.7569373072970196	0.24306269270298042	0.7733866933466733	0.22661330665332668	
0.22407528530181936	1.4163861642897615	0.7846865364850977	0.21531346351490233	0.7643821910955477	0.23561780890445227	
0.2329050556155924	5.2996082417406924	0.7600205549845838	0.23997944501541624	0.7873936968484242	0.2126063031515758	
0.24141773270237576	2.8996450120120514	0.7692702980472764	0.23072970195272358	0.7773886943471736	0.22261130565282639	
0.24964576524113105	0.4996817822833819	0.776464542651593	0.22353545734840696	0.7613806903451726	0.23861930965482736	
0.25761643714262183	4.382903859734327	0.789825282631038	0.21017471736896198	0.8114057028514257	0.18859429714857434	
0.2653529495976502	1.9829406300056576	0.7641315519013361	0.23586844809866392	0.7373686843421711	0.26263131565782893	
0.2728752280514771	5.866162707456603	0.7754367934224049	0.2245632065775951	0.7873936968484242	0.2126063031515758	
0.28020053502559567	3.4661994777279332	0.7446043165467626	0.2553956834532374	0.7773886943471736	0.22261130565282639	
0.28734394299515853	1.0662362479992922	0.7641315519013361	0.23586844809866392	0.7953976988494247	0.20460230115057532	
0.29431870450315556	4.949458325450237	0.776464542651593	0.22353545734840696	0.8064032016008004	0.19359679839919963	
0.3011365455533722	2.549495095721568	0.7672147995889003	0.23278520041109974	0.753376688344172	0.24662331165582796	
0.30780790086679144	0.14953186599292678	0.7908530318602262	0.20914696813977385	0.7793896948474237	0.2206103051525763	
0.3143421044892443	4.0327539434438435	0.8062692702980473	0.1937307297019527	0.8024012006003002	0.19759879939969982	
0.3207475456891002	1.6327907137152025	0.7846865364850977	0.21531346351490233	0.7673836918459229	0.23261630815407708	
0.3270317975705273	5.516012791166148	0.7959917780061665	0.2040082219938335	0.7973986993496749	0.2026013006503251	
0.33320172402055054	3.1160495614374497	0.7620760534429599	0.23792394655704008	0.7713856928464232	0.22861430715357678	
0.3392635692901253	0.7160863317088086	0.7990750256937307	0.20092497430626932	0.7883941970985493	0.2116058029014507	
0.3452230335358209	4.599308409159754	0.7970195272353545	0.20298047276464548	0.7933966983491746	0.2066033016508254	
0.3510853369209005	2.1993451794311127	0.7394655704008222	0.26053442959917783	0.7613806903451726	0.23861930965482736	
0.3568552743245366	6.082567256882058	0.8114080164439876	0.18859198355601237	0.7503751875937968	0.24962481240620316	
0.36253726228797395	3.68260402715336	0.7692702980472764	0.23072970195272358	0.7813906953476738	0.2186093046523262	
0.36813537950278985	1.282640797424719	0.7589928057553957	0.24100719424460426	0.7453726863431716	0.25462731365682845	
0.37365340189477037	5.165862874875664	0.8165467625899281	0.1834532374100719	0.815407703851926	0.18459229614807404	
0.3790948331596482	2.765899645147023	0.7415210688591983	0.25847893114080167	0.7743871935967984	0.22561280640320158	
0.3844629314511094	0.36593641541838196	0.7990750256937307	0.20092497430626932	0.768384192096048	0.23161580790395198	
0.3897607327974747	4.24915849286927	0.7774922918807811	0.22250770811921894	0.7803901950975488	0.2196098049024512	
0.3949910717241195	1.8491952631406292	0.7970195272353545	0.20298047276464548	0.7363681840920461	0.2636318159079539	
0.40015659947859855	5.732417340591574	0.7990750256937307	0.20092497430626932	0.753376688344172	0.24662331165582796	
0.4052598001904745	3.3324541108629333	0.7487153134635149	0.25128468653648506	0.7863931965982992	0.2136068034017008	
0.41030300524484464	0.9324908811342354	0.7754367934224049	0.2245632065775951	0.752376188094047	0.24762381190595295	
0.4152884061050901	4.815712958585181	0.81551901336074	0.18448098663926005	0.784392196098049	0.215607803901951	
0.4202180657845307	2.4157497288565395	0.7538540596094553	0.24614594039054472	0.7613806903451726	0.23861930965482736	
0.42509392913697913	0.015786499127898423	0.7918807810894142	0.20811921891058582	0.768384192096048	0.23161580790395198	
0.4299178321114765	3.8990085765788436	0.7949640287769785	0.20503597122302153	0.80040020010005	0.19959979989995003	
0.434691510095835	1.4990453468501457	0.7589928057553957	0.24100719424460426	0.7583791895947974	0.24162081040520256	
0.4394166054562733	5.382267424301091	0.7857142857142857	0.2142857142857143	0.7893946973486743	0.2106053026513257	
0.4440946743658145	2.9823041945724498	0.7538540596094553	0.24614594039054472	0.7633816908454227	0.23661830915457727	
0.4487271930017521	0.5823409648438087	0.7826310380267215	0.21736896197327849	0.7623811905952976	0.23761880940470237	
0.45331556318199057	4.465563042294754	0.7949640287769785	0.20503597122302153	0.80040020010005	0.19959979989995003	
0.4578611175011189	2.065599812566056	0.7332990750256937	0.2667009249743063	0.7323661830915458	0.2676338169084542	
0.4623651240194273	5.948821890017058	0.7929085303186023	0.2070914696813977	0.7673836918459229	0.23261630815407708	
0.4668287905515154	3.54885866028836	0.776464542651593	0.22353545734840696	0.7553776888444222	0.24462231115557775	
0.47125326859549527	1.1488954305596621	0.7384378211716341	0.26156217882836585	0.7603801900950475	0.23961980990495246	
0.475639656938923	5.032117508010664	0.789825282631038	0.21017471736896198	0.8034017008504252	0.19659829914957483	
0.4799890049733736	2.6321542782819662	0.7610483042137718	0.2389516957862282	0.7753876938469234	0.2246123061530766	
0.48430231574591986	0.23219104855326833	0.8001027749229188	0.1998972250770812	0.7713856928464232	0.22861430715357678	
0.48858054877259033	4.11541312600427	0.7723535457348407	0.22764645426515928	0.7753876938469234	0.2246123061530766	
0.4928246226361065	1.7154498962755724	0.7610483042137718	0.2389516957862282	0.753376688344172	0.24662331165582796	
0.4970354173877717	5.598671973726574	0.8186022610483042	0.18139773895169575	0.768384192096048	0.23161580790395198	
0.5012137767712568	3.1987087439978765	0.7446043165467626	0.2553956834532374	0.7433716858429215	0.25662831415707854	
0.5053605102841573	0.7987455142691786	0.7610483042137718	0.2389516957862282	0.7803901950975488	0.2196098049024512	
0.5094763950915543	4.681967591720181	0.8011305241521068	0.19886947584789316	0.783391695847924	0.216608304152076	
0.5135621778043545	2.2820043619914827	0.7435765673175745	0.2564234326824255	0.7693846923461731	0.23061530765382687	
0.5176185761339077	6.165226439442485	0.8093525179856115	0.19064748201438853	0.7723861930965483	0.22761380690345168	
0.5216462804332554	3.765263209713787	0.7435765673175745	0.2564234326824255	0.7673836918459229	0.23261630815407708	
0.5256459551343636	1.365299979985089	0.7271325796505652	0.2728674203494348	0.7343671835917959	0.26563281640820413	
0.5296182400897859	5.248522057436091	0.8103802672147996	0.1896197327852004	0.7793896948474237	0.2206103051525763	
0.5335637518264122	2.848558827707393	0.7579650565262076	0.2420349434737924	0.783391695847924	0.216608304152076	
0.5374830847182397	0.44859559797880877	0.7795477903391572	0.22045220966084278	0.7753876938469234	0.2246123061530766	
0.541376812084465	4.331817675429697	0.7980472764645427	0.20195272353545735	0.7753876938469234	0.2246123061530766	
0.5452454872186283	1.9318544457009992	0.7404933196300103	0.2595066803699897	0.7373686843421711	0.26263131565782893	
0.5490896443540264	5.815076523152001	0.8083247687564235	0.19167523124357655	0.7663831915957979	0.23361680840420207	
0.5529097995701495	3.4151132934233033	0.7281603288797533	0.27183967112024665	0.7743871935967984	0.22561280640320158	
0.5567064516444866	1.0151500636946054	0.7547642928786359	0.2452357071213641	0.7622166246851385	0.2377833753148615	
0.5604800828536683	4.898372141145607	0.8009027081243731	0.19909729187562686	0.7914357682619647	0.2085642317380353	
0.564231159727582	2.4984089114169095	0.734704112337011	0.26529588766298895	0.7501259445843829	0.24987405541561714	
0.5679601337597863	0.09844568168832524	0.7768304914744233	0.2231695085255767	0.7551637279596978	0.24483627204030223	
0.5716674420772829	3.9816677591392136	0.7567703109327983	0.24322968906720166	0.782367758186398	0.21763224181360197	
0.5753535080724484	1.5817045294105156	0.7607823470411234	0.23921765295887665	0.7612090680100756	0.2387909319899244	
0.5790187419997065	5.464926606861518	0.7858575727181545	0.21414242728184552	0.7319899244332494	0.2680100755667506	
0.5826635415393151	3.0649633771328197	0.7768304914744233	0.2231695085255767	0.7612090680100756	0.2387909319899244	
0.5862882923304565	0.6650001474042355	0.7647943831494484	0.23520561685055164	0.7702770780856423	0.22972292191435773	
0.589893368475647	4.548222224855124	0.7938816449348044	0.2061183550651956	0.7632241813602015	0.23677581863979846	
0.5934791330183289	2.148258995126426	0.7006018054162487	0.2993981945837513	0.7551637279596978	0.24483627204030223	
0.5970459383953688	6.031481072577428	0.7938816449348044	0.2061183550651956	0.7642317380352645	0.23576826196473555	
0.6005941268660511	3.63151784284873	0.7276830491474423	0.2723169508525577	0.7571788413098237	0.2428211586901763	
0.6041240309190441	1.2315546131201458	0.7296890672016049	0.27031093279839513	0.7410579345088161	0.2589420654911839	
0.6076359736587041	5.114776690571034	0.7908726178535607	0.20912738214643933	0.784382871536524	0.21561712846347603	
0.6111302691719837	2.714813460842336	0.771815446339017	0.228184553660983	0.7501259445843829	0.24987405541561714	
0.6146072228771229	0.314850231113752	0.7587763289869609	0.2412236710130391	0.7269521410579345	0.2730478589420655	
0.6180671318552149	4.19807230856464	0.7668004012036108	0.23319959879638918	0.781360201511335	0.218639798488665	
0.621510285165663	1.798109078836056	0.7337011033099298	0.26629889669007023	0.7400503778337532	0.25994962216624684	
0.6249369641464748	5.681331156286944	0.7958876629889668	0.20411233701103315	0.7672544080604534	0.23274559193954658	
0.628347442700275	3.2813679265582465	0.7457372116349047	0.2542627883650953	0.7551637279596978	0.24483627204030223	
0.6317419875668575	0.8814046968296623	0.7457372116349047	0.2542627883650953	0.7571788413098237	0.2428211586901763	
0.6351208585830428	4.764626774280551	0.7728184553660983	0.22718154463390172	0.7753148614609572	0.22468513853904282	
0.6384843089305557	2.3646635445518527	0.7256770310932799	0.27432296890672014	0.7158690176322419	0.28413098236775813	
0.6418325853725916	6.247885622002855	0.7908726178535607	0.20912738214643933	0.7591939546599497	0.24080604534005035	
0.6451659284796949	3.8479223922741568	0.7447342026078235	0.2552657973921765	0.7602015113350126	0.23979848866498743	
0.6484845728455342	1.4479591625455726	0.7337011033099298	0.26629889669007023	0.7501259445843829	0.24987405541561714	
0.6517887472931208	5.331181239996461	0.7838515546639919	0.21614844533600808	0.7531486146095718	0.24685138539042817	
0.6550786750719828	2.931218010267763	0.7407221664994985	0.2592778335005015	0.7753148614609572	0.22468513853904282	
0.6583545740467738	0.531254780539065	0.7457372116349047	0.2542627883650953	0.7511335012594459	0.2488664987405541	
0.6616166568777674	4.414476857990181	0.771815446339017	0.228184553660983	0.7732997481108312	0.22670025188916876	
0.6648651311936598	2.014513628261483	0.6985957873620863	0.3014042126379137	0.7309823677581864	0.26901763224181363	
0.6681001997570769	5.897735705712371	0.775827482447342	0.224172517552658	0.7712846347607053	0.2287153652392947	
0.6713220606231594	3.4977724759836732	0.7206619859578737	0.2793380140421263	0.7581863979848866	0.24181360201511337	
0.6745309072915744	1.0978092462549753	0.7537612838515546	0.2462387161484454	0.745088161209068	0.25491183879093204	
0.6777269288522859	4.981031323706091	0.7728184553660983	0.22718154463390172	0.7622166246851385	0.2377833753148615	
0.6809103101253934	2.581068093977393	0.7146439317953862	0.2853560682046138	0.7269521410579345	0.2730478589420655	
0.6840812317953292	0.1811048642486952	0.7587763289869609	0.2412236710130391	0.7350125944584383	0.26498740554156175	
0.6872398705396934	4.0643269416995835	0.7517552657973922	0.24824473420260784	0.7934508816120907	0.20654911838790935	
0.6903863991529825	1.6643637119708856	0.7246740220661986	0.2753259779338014	0.7380352644836272	0.2619647355163728	
0.6935209866654591	5.547585789422001	0.7688064192577733	0.23119358074222673	0.7632241813602015	0.23677581863979846	
0.6966437984573931	3.1476225596933034	0.7186559679037111	0.2813440320962889	0.7501259445843829	0.24987405541561714	
0.6997549963688922	0.7476593299646055	0.7788365095285857	0.22116349047141426	0.746095717884131	0.253904282115869	
0.7028547388055284	4.630881407415494	0.7668004012036108	0.23319959879638918	0.7732997481108312	0.22670025188916876	
0.705943180839956	2.230918177686796	0.730692076228686	0.26930792377131396	0.7299748110831235	0.27002518891687655	
0.7090204743097038	6.114140255137912	0.7557673019057172	0.24423269809428283	0.7198992443324937	0.28010075566750625	
0.7120867679113184	3.7141770254092137	0.7397191574724172	0.26028084252758277	0.7571788413098237	0.2428211586901763	
0.7151422072910205	1.3142137956805158	0.70160481444333	0.29839518555667	0.7138539042821158	0.2861460957178842	
0.7181869351320339	5.197435873131404	0.7988966900702106	0.20110330992978942	0.7581863979848866	0.24181360201511337	
0.7212210912387326	2.797472643402706	0.7166499498495487	0.28335005015045134	0.7763224181360201	0.2236775818639799	
0.7242448126177484	0.39750941367423565	0.7567703109327983	0.24322968906720166	0.745088161209068	0.25491183879093204	
0.7272582335561705	4.280731491125124	0.7828485456369108	0.21715145436308925	0.781360201511335	0.218639798488665	
0.7302614856969648	1.880768261396426	0.7296890672016049	0.27031093279839513	0.7188916876574307	0.2811083123425693	
0.7332546981117319	5.763990338847314	0.7688064192577733	0.23119358074222673	0.7702770780856423	0.22972292191435773	
0.7362379973709176	3.3640271091186165	0.742728184553661	0.25727181544633904	0.7299748110831235	0.27002518891687655	
0.7392115076115848	0.9640638793899186	0.7166499498495487	0.28335005015045134	0.7350125944584383	0.26498740554156175	
0.7421753506028488	4.847285956841034	0.7647943831494484	0.23520561685055164	0.7642317380352645	0.23576826196473555	
0.7451296458090736	2.4473227271123363	0.7176529588766299	0.28234704112337006	0.7350125944584383	0.26498740554156175	
0.7480745104509228	0.04735949738363843	0.7908726178535607	0.20912738214643933	0.7340050377833753	0.26599496221662466	
0.7510100595643525	3.9305815748345267	0.7326980942828486	0.2673019057171514	0.7803526448362721	0.2196473551637279	
0.7539364060576315	1.5306183451058288	0.7116349047141425	0.2883650952858575	0.7229219143576826	0.2770780856423174	
0.7568536607664671	5.4138404225569445	0.7708124373119358	0.22918756268806417	0.7692695214105794	0.23073047858942064	
0.759761932507315	3.0138771928282466	0.7296890672016049	0.27031093279839513	0.7622166246851385	0.2377833753148615	
0.762661328128944	0.6139139630995487	0.7527582748244734	0.24724172517552656	0.745088161209068	0.25491183879093204	
0.7655519525623249	4.497136040550437	0.771815446339017	0.228184553660983	0.7541561712846347	0.24584382871536525	
0.768433908868912	2.097172810821739	0.7076228686058175	0.29237713139418253	0.7289672544080604	0.2710327455919396	
0.7713072982873764	5.980394888272855	0.7748244734202607	0.22517552657973927	0.7541561712846347	0.24584382871536525	
0.7741722202788551	3.580431658544157	0.7517552657973922	0.24824473420260784	0.7209068010075567	0.27909319899244334	
0.7770287725707689	1.180468428815459	0.7316950852557673	0.2683049147442327	0.7481108312342569	0.2518891687657431	
0.7798770511992683	5.063690506266347	0.7688064192577733	0.23119358074222673	0.7612090680100756	0.2387909319899244	
0.7827171505503572	2.6637272765376494	0.7186559679037111	0.2813440320962889	0.7239294710327456	0.27607052896725437	
0.7855491633997435	0.26376404680917886	0.771815446339017	0.228184553660983	0.7420654911838791	0.2579345088161209	
0.7883731809514675	4.146986124260067	0.7748244734202607	0.22517552657973927	0.7803526448362721	0.2196473551637279	
0.79118929287535	1.7470228945313693	0.7276830491474423	0.2723169508525577	0.7209068010075567	0.27909319899244334	
0.7939975873433072	5.630244971982258	0.7748244734202607	0.22517552657973927	0.7581863979848866	0.24181360201511337	
0.796798151064571	3.2302817422535597	0.7245	0.27549999999999997	0.7578203834510595	0.2421796165489405	
0.7995910693198575	0.8303185125250891	0.7515	0.24850000000000005	0.7507568113017155	0.24924318869828455	
0.8023764259945195	4.7135405899759775	0.7445	0.25549999999999995	0.7830474268415741	0.21695257315842587	
0.8051543036107215	2.3135773602472796	0.6925	0.3075	0.7325933400605449	0.2674066599394551	
0.8079247833586707	6.196799437698168	0.7615	0.23850000000000005	0.7719475277497477	0.22805247225025227	
0.8106879451269388	3.79683620796947	0.7565	0.24350000000000005	0.7608476286579213	0.23915237134207867	
0.8134438675319061	1.3968729782409994	0.7235	0.27649999999999997	0.7325933400605449	0.2674066599394551	
0.8161926279463589	5.280095055691888	0.7815	0.21850000000000003	0.7658930373360242	0.2341069626639758	
0.8189343025272698	2.88013182596319	0.7195	0.28049999999999997	0.7346115035317861	0.26538849646821394	
0.8216689662427893	0.48016859623449193	0.7435	0.25649999999999995	0.739656912209889	0.26034308779011095	
0.8243966928984756	4.36339067368538	0.7955	0.20450000000000002	0.7588294651866802	0.24117053481331985	
0.8271175551627891	1.9634274439569097	0.7135	0.2865	0.7497477295660948	0.2502522704339052	
0.8298316245918765	5.846649521407798	0.7705	0.22950000000000004	0.7558022199798183	0.24419778002018167	
0.8325389716536687	3.4466862916791	0.6715	0.3285	0.756811301715439	0.24318869828456102	
0.8352396657513146	1.0467230619504022	0.7115	0.2885	0.7406659939455096	0.2593340060544904	
0.837933775245975	4.9299451394012905	0.7725	0.22750000000000004	0.7901109989909183	0.2098890010090817	
0.8406213674789956	2.52998190967282	0.7025	0.2975	0.7336024217961655	0.2663975782038345	
0.8433025087934816	0.13001867994412208	0.7535	0.24650000000000005	0.7315842583249244	0.26841574167507565	
0.8459772645552919	4.01324075739501	0.7235	0.27649999999999997	0.7598385469223007	0.24016145307769932	
0.8486456991734729	1.6132775276663125	0.7515	0.24850000000000005	0.7164480322906155	0.2835519677093845	
0.8513078761201499	5.496499605117201	0.7415	0.25849999999999995	0.7467204843592331	0.2532795156407669	
0.8539638579498936	3.096536375388503	0.6955	0.3045	0.7356205852674067	0.2643794147325933	
0.8566137063185778	0.6965731456600324	0.7515	0.24850000000000005	0.7204843592330978	0.27951564076690216	
0.8592574820017457	4.579795223110921	0.7795	0.22050000000000003	0.7840565085771948	0.21594349142280522	
0.8618952449124999	2.1798319933822228	0.6885	0.3115	0.7558022199798183	0.24419778002018167	
0.8645270541189306	6.063054070833111	0.7775	0.22250000000000003	0.7507568113017155	0.24924318869828455	
0.8671529678610972	3.663090841104413	0.7125	0.2875	0.7305751765893037	0.2694248234106963	
0.8697730435675771	1.2631276113759426	0.7115	0.2885	0.7295660948536832	0.2704339051463168	
0.8723873378715946	5.146349688826831	0.7795	0.22050000000000003	0.7749747729566094	0.22502522704339056	
0.8749959066267438	2.746386459098133	0.7085	0.2915	0.7376387487386479	0.2623612512613521	
0.8775988049223162	0.34642322936943515	0.7525	0.24750000000000005	0.7467204843592331	0.2532795156407669	
0.8801960870982479	4.2296453068203235	0.7405	0.25949999999999995	0.7739656912209889	0.2260343087790111	
0.8827878067596949	1.829682077091853	0.6775	0.3225	0.7305751765893037	0.2694248234106963	
0.8853740167912493	5.712904154542741	0.7495	0.25049999999999994	0.7487386478304743	0.2512613521695257	
0.8879547693708074	3.3129409248140433	0.6935	0.3065	0.7598385469223007	0.24016145307769932	
0.8905301159830994	0.9129776950853454	0.7515	0.24850000000000005	0.7447023208879919	0.25529767911200807	
0.8931001074328907	4.796199772536234	0.7835	0.21650000000000003	0.7769929364278506	0.2230070635721494	
0.895664793857865	2.396236542807763	0.7335	0.26649999999999996	0.715438950554995	0.28456104944500504	
0.8982242247411981	6.2794586202586515	0.7805	0.21950000000000003	0.763874873864783	0.23612512613521697	
0.900778448923832	3.8794953905299536	0.7605	0.23950000000000005	0.768920282542886	0.23107971745711398	
0.9033275146164571	1.4795321608012557	0.7195	0.28049999999999997	0.7426841574167508	0.25731584258324924	
0.9058714694112119	5.362754238252144	0.7675	0.23250000000000004	0.7749747729566094	0.22502522704339056	
0.9084103602931075	2.9627910085236735	0.6815	0.3185	0.7376387487386479	0.2623612512613521	
0.9109442336511855	0.5628277787949756	0.7365	0.26349999999999996	0.7305751765893037	0.2694248234106963	
0.9134731352894161	4.446049856245864	0.7885	0.21150000000000002	0.7951564076690212	0.20484359233097882	
0.9159971104373448	2.046086626517166	0.7145	0.2855	0.7336024217961655	0.2663975782038345	
0.9185162037604934	5.929308703968054	0.7325	0.26749999999999996	0.7537840565085772	0.24621594349142284	
0.9210304593705237	3.529345474239584	0.7135	0.2865	0.7305751765893037	0.2694248234106963	
0.9235399208351693	1.1293822445108859	0.7215	0.27849999999999997	0.7406659939455096	0.2593340060544904	
0.9260446311879422	5.012604321961774	0.7805	0.21950000000000003	0.7800201816347124	0.21997981836528757	
0.9285446329376215	2.6126410922330763	0.6775	0.3225	0.7547931382441978	0.2452068617558022	
0.9310399680775279	0.21267786250460574	0.7435	0.25649999999999995	0.7174571140262361	0.28254288597376387	
0.9335306780945928	4.095899939955494	0.7615	0.23850000000000005	0.7467204843592331	0.2532795156407669	
0.9360168039782247	1.6959367102267962	0.6855	0.3145	0.7336024217961655	0.2663975782038345	
0.9384983862289811	5.5791587876776845	0.7625	0.23750000000000004	0.7366296670030272	0.26337033299697277	
0.9409754648670474	3.1791955579489866	0.6785	0.3215	0.7467204843592331	0.2532795156407669	
0.9434480794405338	0.7792323282202887	0.7445	0.25549999999999995	0.7255297679112008	0.27447023208879917	
0.9459162690335879	4.662454405671177	0.7675	0.23250000000000004	0.7477295660948536	0.25227043390514636	
0.9483800722743347	2.262491175942479	0.7085	0.2915	0.7214934409687185	0.2785065590312815	
0.950839527342643	6.145713253393367	0.7785	0.22150000000000003	0.7588294651866802	0.24117053481331985	
0.9532946719777265	3.745750023665124	0.7225	0.27749999999999997	0.7749747729566094	0.22502522704339056	
0.9557455434855832	1.3457867939364263	0.6935	0.3065	0.7325933400605449	0.2674066599394551	
0.9581921787462742	5.229008871387315	0.7645	0.23550000000000004	0.7547931382441978	0.2452068617558022	
0.960634614221052	2.8290456416586167	0.6865	0.3135	0.7214934409687185	0.2785065590312815	
0.963072885959336	0.4290824119299188	0.7685	0.23150000000000004	0.722502522704339	0.277497477295661	
0.9655070296055432	4.312304489380807	0.7295	0.27049999999999996	0.7578203834510595	0.2421796165489405	
0.9679370804057764	1.9123412596521092	0.6945	0.3055	0.7457114026236125	0.25428859737638754	
0.9703630732143733	5.7955633371029975	0.7625	0.23750000000000004	0.7769929364278506	0.2230070635721494	
0.9727850425003206	3.3956001073742996	0.6955	0.3045	0.7436932391523713	0.2563067608476287	
0.9752030223535363	0.9956368776456017	0.7265	0.27349999999999997	0.7144298688193743	0.2855701311806257	
0.9776170464910231	4.878858955096945	0.7615	0.23850000000000005	0.7759838546922301	0.22401614530776992	
0.9800271482628972	2.478895725368247	0.6775	0.3225	0.693239152371342	0.30676084762865796	
0.9824333606582936	0.07893249563954896	0.7455	0.25449999999999995	0.7356205852674067	0.2643794147325933	
0.9848357163111541	3.9621545730904373	0.7375	0.26249999999999996	0.7558022199798183	0.24419778002018167	
0.9872342475058975	1.5621913433617394	0.7355	0.26449999999999996	0.7447023208879919	0.25529767911200807	
0.9896289861829767	5.445413420812628	0.7982897384305835	0.20171026156941652	0.7461113898645259	0.25388861013547415	
0.992019963944326	3.04545019108393	0.6956740442655935	0.30432595573440646	0.7270446562970396	0.2729553437029604	
0.9944072120586995	0.6454869613552319	0.7198189134808853	0.28018108651911466	0.7280481685900653	0.27195183140993473	
0.9967907614669049	4.52870903880612	0.7721327967806841	0.22786720321931586	0.7842448569994982	0.2157551430005018	
0.9991706427869339	2.1287458090774223	0.704728370221328	0.29527162977867205	0.7220270948319117	0.27797290516808826	
1.0015468863189931	6.011967886528765	0.7600603621730382	0.23993963782696182	0.7782237832413447	0.22177621675865533	
1.0039195220504362	3.6120046568000674	0.7258551307847082	0.2741448692152918	0.7531359759157049	0.2468640240842951	
1.0062885796606011	1.2120414270713695	0.704728370221328	0.29527162977867205	0.7210235825388861	0.2789764174611139	
1.0086540885255542	5.095263504522258	0.7479879275653923	0.25201207243460766	0.7420973406924235	0.2579026593075765	
1.0110160777227413	2.69530027479356	0.6926559356136821	0.3073440643863179	0.7350727546412443	0.26492724535875567	
1.0133745760355535	0.295337045064862	0.7570422535211268	0.24295774647887325	0.7139989964877069	0.2860010035122931	
1.0157296119578028	4.17855912251575	0.7681086519114688	0.23189134808853118	0.7631710988459609	0.2368289011540391	
1.0180812136981134	1.7785958927870524	0.7137826961770624	0.28621730382293764	0.7410938283993979	0.25890617160060214	
1.0204294091842325	5.661817970237941	0.7590543259557344	0.2409456740442656	0.7451078775715002	0.2548921224284998	
1.0227742260672568	3.261854740509243	0.7027162977867203	0.2972837022132797	0.7651781234320121	0.23482187656798792	
1.0251156917257827	0.8618915107805449	0.7590543259557344	0.2409456740442656	0.7139989964877069	0.2860010035122931	
1.027453833269977	4.745113588231888	0.7399396378269618	0.2600603621730382	0.7611640742599097	0.23883592574009027	
1.0297886775455745	2.34515035850319	0.7288732394366197	0.27112676056338025	0.7069744104365279	0.29302558956347213	
1.032120251137799	6.228372435954078	0.7650905432595574	0.2349094567404426	0.7230306071249373	0.2769693928750627	
1.0344485803752148	3.8284092062253805	0.7339034205231388	0.26609657947686116	0.7451078775715002	0.2548921224284998	
1.0367736913335057	1.4284459764966826	0.7328973843058351	0.26710261569416494	0.7250376317109885	0.27496236828901155	
1.039095609839187	5.311668053947571	0.7510060362173038	0.24899396378269623	0.7420973406924235	0.2579026593075765	
1.0414143614732476	2.911704824218873	0.7369215291750503	0.26307847082494973	0.7190165579528349	0.2809834420471651	
1.0437299715747295	0.5117415944901751	0.7409456740442656	0.2590543259557344	0.7280481685900653	0.27195183140993473	
1.0460424652442393	4.394963671941063	0.7580482897384306	0.24195171026156936	0.7832413447064727	0.21675865529352734	
1.0483518673474	1.9950004422123655	0.6896378269617707	0.3103621730382293	0.7210235825388861	0.2789764174611139	
1.0506582025182392	5.878222519663709	0.7550301810865191	0.2449698189134809	0.7320622177621676	0.2679377822378324	
1.0529614951625175	3.4782592899350107	0.7238430583501007	0.27615694164989935	0.7069744104365279	0.29302558956347213	
1.0552617694609985	1.0782960602063127	0.6966800804828974	0.3033199195171026	0.7220270948319117	0.27797290516808826	
1.0575590493726608	4.961518137657201	0.7369215291750503	0.26307847082494973	0.7501254390366282	0.2498745609633718	
1.059853358637853	2.561554907928503	0.7127766599597586	0.2872233400402414	0.6989463120923232	0.30105368790767684	
1.062144720781395	0.16159167819980524	0.7409456740442656	0.2590543259557344	0.7260411440040141	0.2739588559959859	
1.064433159115624	4.044813755650694	0.6996981891348089	0.30030181086519114	0.7410938283993979	0.25890617160060214	
1.0667186967433884	1.6448505259219957	0.7007042253521126	0.29929577464788737	0.7029603612644255	0.2970396387355745	
1.0690013565609897	5.528072603372884	0.7489939637826962	0.2510060362173038	0.7541394882087306	0.24586051179126944	
1.0712811612610742	3.128109373644186	0.68158953722334	0.31841046277665996	0.7079779227295534	0.2920220772704466	
1.073558133335474	0.7281461439159429	0.7489939637826962	0.2510060362173038	0.7270446562970396	0.2729553437029604	
1.075832295078002	4.611368221366831	0.7580482897384306	0.24195171026156936	0.7420973406924235	0.2579026593075765	
1.0781036685871965	2.2114049916381333	0.7067404426559356	0.2932595573440644	0.7059708981435022	0.2940291018564978	
1.0803722757690213	6.094627069089022	0.7369215291750503	0.26307847082494973	0.7390868038133467	0.2609131961866533	
1.0826381383395203	3.6946638393603237	0.7208249496981891	0.2791750503018109	0.7260411440040141	0.2739588559959859	
1.084901277827426	1.2947006096316258	0.743963782696177	0.256036217303823	0.7109884596086302	0.2890115403913698	
1.0871617155767266	5.177922687082514	0.7882293762575453	0.2117706237424547	0.77019568489714	0.22980431510286004	
1.0894194727491882	2.777959457353816	0.6966800804828974	0.3033199195171026	0.7200200702458606	0.27997992975413943	
1.0916745703268373	0.3779962276251183	0.7369215291750503	0.26307847082494973	0.7230306071249373	0.2769693928750627	
1.0939270291144008	4.261218305076007	0.7137826961770624	0.28621730382293764	0.743100852985449	0.25689914701455097	
1.0961768697417058	1.8612550753477635	0.709758551307847	0.29024144869215296	0.7180130456598093	0.2819869543401907	
1.0984241126660417	5.744477152798652	0.7449698189134809	0.2550301810865191	0.743100852985449	0.25689914701455097	
1.1006687781744824	3.344513923069954	0.7067404426559356	0.2932595573440644	0.7129954841946814	0.2870045158053186	
1.1029108863861707	0.944550693341256	0.7369215291750503	0.26307847082494973	0.7069744104365279	0.29302558956347213	
1.1051504572545667	4.827772770792144	0.7540241448692153	0.24597585513078468	0.7561465127947817	0.24385348720521827	
1.1073875105696596	2.4278095410634464	0.7107645875251509	0.2892354124748491	0.6989463120923232	0.30105368790767684	
1.109622065960143	0.027846311334748464	0.7630784708249497	0.23692152917505027	0.743100852985449	0.25689914701455097	
1.1118541428955573	3.911068388785637	0.7087525150905433	0.29124748490945673	0.7380832915203211	0.26191670847967885	
1.1140837606883964	1.5111051590569389	0.7107645875251509	0.2892354124748491	0.7109884596086302	0.2890115403913698	
1.1163109384961818	5.394327236507827	0.7721327967806841	0.22786720321931586	0.743100852985449	0.25689914701455097	
1.1185356953235035	2.9943640067791293	0.7057344064386318	0.29426559356136817	0.7190165579528349	0.2809834420471651	
1.1207580500240295	0.5944007770508861	0.7409456740442656	0.2590543259557344	0.7581535373808329	0.2418464626191671	
1.122978021302483	4.477622854501774	0.7489939637826962	0.2510060362173038	0.7571500250878074	0.24284997491219262	
1.1251956277165887	2.0776596247730765	0.6735412474849095	0.3264587525150905	0.7099849473156046	0.2900150526843954	
1.12741088767899	5.960881702223965	0.7791750503018109	0.2208249496981891	0.73607626693427	0.26392373306573	
1.1296238194591353	3.560918472495267	0.7007042253521126	0.29929577464788737	0.7160060210737581	0.2839939789262419	
1.131834441185136	1.160955242766569	0.6946680080482898	0.30533199195171024	0.7109884596086302	0.2890115403913698	
1.134042770845595	5.044177320217457	0.7671026156941649	0.23289738430583506	0.7461113898645259	0.25388861013547415	
1.136248826291408	2.6442140904887594	0.6775653923541247	0.3224346076458753	0.7129954841946814	0.2870045158053186	
1.1384526252375389	0.24425086076006153	0.7369215291750503	0.26307847082494973	0.7280481685900653	0.27195183140993473	
1.140654185264763	4.12747293821095	0.7228370221327968	0.27716297786720323	0.7410938283993979	0.25890617160060214	
1.1428535238213908	1.7275097084827067	0.7349094567404426	0.2650905432595574	0.703963873557451	0.29603612644254895	
1.145050658224961	5.610731785933595	0.7580482897384306	0.24195171026156936	0.7320622177621676	0.2679377822378324	
1.1472456056639098	3.210768556204897	0.6745472837022133	0.3254527162977867	0.7280481685900653	0.27195183140993473	
1.1494383831992143	0.8108053264761992	0.6896378269617707	0.3103621730382293	0.7270446562970396	0.2729553437029604	
1.1516290077660134	4.6940274039270875	0.7590543259557344	0.2409456740442656	0.7521324636226794	0.24786753637732062	
1.1538174961752026	2.2940641741983896	0.7027162977867203	0.2972837022132797	0.6999498243853487	0.3000501756146513	
1.1560038651150064	6.177286251649278	0.7449698189134809	0.2550301810865191	0.7380832915203211	0.26191670847967885	
1.1581881311525277	3.77732302192058	0.721830985915493	0.278169014084507	0.7069744104365279	0.29302558956347213	
1.160370310735273	1.377359792191882	0.7014478282576135	0.29855217174238646	0.731058705469142	0.268941294530858	
1.1625504201926575	5.26058186964277	0.7583624563155267	0.24163754368447332	0.7551430005017562	0.2448569994982438	
1.164728475737487	2.8606186399145273	0.6784822765851223	0.3215177234148777	0.6869041645760161	0.3130958354239839	
1.1669044934674182	0.46065541018582934	0.7114328507239142	0.28856714927608584	0.7129954841946814	0.2870045158053186	
1.1690784893663992	4.343877487636718	0.7433849226160759	0.2566150773839241	0.7300551931761164	0.26994480682388355	
1.1712504793060885	1.9439142579080197	0.7034448327508737	0.29655516724912634	0.7471149021575514	0.2528850978424486	
1.1734204790472522	5.827136335358908	0.7613579630554169	0.23864203694458308	0.7220270948319117	0.27797290516808826	
1.1755885042411451	3.42717310563021	0.7154268597104343	0.2845731402895657	0.7521324636226794	0.24786753637732062	
1.1777545704308687	1.0272098759015122	0.7363954068896655	0.26360459311033446	0.7119919719016558	0.28800802809834425	
1.1799186930527112	4.910431953352401	0.7773339990014978	0.2226660009985022	0.782237832413447	0.21776216758655298	
1.1820808874374693	2.5104687236237027	0.6754867698452321	0.32451323015476785	0.7099849473156046	0.2900150526843954	
1.1842411688117505	0.11050549389500475	0.7314028956565152	0.2685971043434848	0.7210235825388861	0.2789764174611139	
1.1863995522992576	3.993727571346348	0.7174238642036944	0.2825761357963056	0.7461113898645259	0.25388861013547415	
1.188556052922056	1.59376434161765	0.7164253619570644	0.2835746380429356	0.7210235825388861	0.2789764174611139	
1.1907106856018224	5.476986419068538	0.7733399900149776	0.22666000998502245	0.7200200702458606	0.27997992975413943	
1.192863465161076	3.0770231893398403	0.6944583125312032	0.30554168746879684	0.7300551931761164	0.26994480682388355	
1.1950144063243957	0.6770599596111424	0.7333999001497753	0.2666000998502247	0.7170095333667837	0.28299046663321625	
1.1971635237196157	4.560282037062031	0.7573639540688967	0.24263604593110333	0.748118414450577	0.25188158554942297	
1.1993108318790093	2.160318807333333	0.6954568147778333	0.3045431852221667	0.6929252383341696	0.30707476166583036	
1.201456345240455	6.043540884784221	0.7373939091362955	0.26260609086370446	0.7139989964877069	0.2860010035122931	
1.2036000781485863	3.6435776550555232	0.6764852720918622	0.32351472790813784	0.7099849473156046	0.2900150526843954	
1.2057420448559264	1.2436144253268253	0.728407388916625	0.27159261108337496	0.7210235825388861	0.2789764174611139	
1.2461221524441275	5.909795517919164	0.7954773869346734	0.2045226130653266	0.7886830245368052	0.21131697546319483	
1.2482316557528856	3.5098322881904664	0.764321608040201	0.235678391959799	0.7796695042563846	0.2203304957436154	
1.250339672745299	1.1098690584617685	0.7944723618090452	0.20552763819095476	0.7686529794692039	0.23134702053079614	
1.2524462159064285	4.993091135913112	0.8105527638190955	0.18944723618090453	0.7956935403104657	0.20430645968953431	
1.254551297651618	2.5931279061844137	0.7814070351758794	0.2185929648241206	0.7806710065097646	0.21932899349023538	
1.256654930327327	0.19316467645571578	0.7934673366834171	0.20653266331658293	0.7956935403104657	0.20430645968953431	
1.258757126211954	4.076386753906604	0.7964824120603015	0.20351758793969854	0.7836755132699048	0.2163244867300952	
1.2608578975166511	1.6764235241779062	0.7603015075376884	0.23969849246231156	0.7596394591887832	0.24036054081121683	
1.2629572563861287	5.5596456016287945	0.8165829145728644	0.18341708542713564	0.7726589884827241	0.22734101151727593	
1.2650552148994485	3.1596823719000966	0.7391959798994975	0.2608040201005025	0.7736604907361042	0.2263395092638958	
1.26715178507081	0.7597191421713987	0.7874371859296483	0.2125628140703517	0.7676514772158237	0.23234852278417628	
1.269246978850326	4.642941219622287	0.7904522613065327	0.20954773869346732	0.7796695042563846	0.2203304957436154	
1.2713408081247888	2.242977989893589	0.7592964824120603	0.24070351758793973	0.7496244366549825	0.25037556334501754	
1.2734332847184289	6.126200067344932	0.7924623115577889	0.2075376884422111	0.785678517776665	0.21432148222333502	
1.2755244203936633	3.7262368376162343	0.7673366834170854	0.23266331658291461	0.7826740110165248	0.21732598898347522	
1.2776142268518365	1.3262736078875363	0.7492462311557789	0.25075376884422107	0.7396094141211818	0.26039058587881825	
1.2797027157339518	5.209495685338425	0.7804020100502512	0.21959798994974877	0.8037055583375062	0.19629444166249377	
1.2817898986213954	2.8095324556097268	0.7814070351758794	0.2185929648241206	0.7496244366549825	0.25037556334501754	
1.2838757870366502	0.40956922588102884	0.7703517587939699	0.2296482412060301	0.7406109163745619	0.2593890836254381	
1.2859603924440046	4.292791303331917	0.799497487437186	0.20050251256281404	0.8107160741111668	0.18928392588883325	
1.2880437262502509	1.8928280736032193	0.7633165829145728	0.23668341708542717	0.7396094141211818	0.26039058587881825	
1.2901257998053761	5.776050151054108	0.7793969849246232	0.22060301507537683	0.8047070605908864	0.19529293940911363	
1.292206624403246	3.3760869213254097	0.7804020100502512	0.21959798994974877	0.800701051577366	0.19929894842263396	
1.294286211282281	0.9761236915967118	0.7452261306532664	0.25477386934673363	0.7476214321482223	0.2523785678517777	
1.296364571626125	4.859345769048055	0.7984924623115578	0.2015075376884422	0.7746619929894842	0.22533800701051576	
1.298441716564305	2.459382539319357	0.7824120603015076	0.21758793969849244	0.7315973960941412	0.2684026039058588	
1.300517657172887	0.059419309590659	0.7984924623115578	0.2015075376884422	0.784677015523285	0.21532298447671505	
1.3025924044751214	3.9426413870415473	0.7442211055276382	0.2557788944723618	0.7836755132699048	0.2163244867300952	
1.304665969442083	1.5426781573128494	0.7582914572864322	0.2417085427135678	0.7596394591887832	0.24036054081121683	
1.306738362993305	5.425900234763738	0.7964824120603015	0.20351758793969854	0.7956935403104657	0.20430645968953431	
1.3088095959974027	3.02593700503504	0.7472361809045226	0.2527638190954774	0.7666499749624437	0.2333500250375563	
1.3108796792726953	0.6259737753063419	0.7663316582914573	0.23366834170854267	0.7586379569354031	0.24136204306459685	
1.3129486235878178	4.50919585275723	0.7974874371859296	0.20251256281407037	0.7776664997496244	0.22233350025037557	
1.3150164396623272	2.1092326230285323	0.7733668341708543	0.22663316582914572	0.756634952428643	0.24336504757135702	
1.3170831381673025	5.992454700479875	0.7804020100502512	0.21959798994974877	0.756634952428643	0.24336504757135702	
1.3191487297259394	3.5924914707511775	0.74321608040201	0.25678391959798996	0.7476214321482223	0.2523785678517777	
1.3212132249141375	1.1925282410224796	0.7462311557788944	0.25376884422110557	0.771657486229344	0.22834251377065595	
1.3232766342610807	5.075750318473368	0.7874371859296483	0.2125628140703517	0.771657486229344	0.22834251377065595	
1.3253389682498151	2.67578708874467	0.7412060301507538	0.2587939698492462	0.7666499749624437	0.2333500250375563	
1.327400237317817	0.27582385901597206	0.7532663316582915	0.2467336683417085	0.7616424636955433	0.23835753630445666	
1.329460451857558	4.15904593646686	0.7773869346733668	0.22261306532663316	0.7826740110165248	0.21732598898347522	
1.3315196222170624	1.7590827067381625	0.7201005025125629	0.27989949748743714	0.7406109163745619	0.2593890836254381	
1.3335777587004614	5.642304784189051	0.8326633165829146	0.1673366834170854	0.7476214321482223	0.2523785678517777	
1.3356348715685384	3.242341554460353	0.7271356783919598	0.2728643216080402	0.7706559839759639	0.2293440160240361	
1.3376909710392733	0.8423783247321097	0.7693467336683417	0.23065326633165828	0.7406109163745619	0.2593890836254381	
1.3397460672883768	4.725600402182998	0.7964824120603015	0.20351758793969854	0.7596394591887832	0.24036054081121683	
1.3418001704498232	2.3256371724543	0.7211055276381909	0.2788944723618091	0.7616424636955433	0.23835753630445666	
1.3438532906163767	6.2088592499051884	0.7753768844221105	0.2246231155778895	0.7676514772158237	0.23234852278417628	
1.3459054378401112	3.8088960201764905	0.7251256281407035	0.27487437185929653	0.7736604907361042	0.2263395092638958	
1.347956622132928	1.4089327904477926	0.7160804020100503	0.2839195979899497	0.7516274411617426	0.24837255883825737	
1.350006853467066	5.292154867898681	0.8055276381909547	0.19447236180904526	0.7916875312969455	0.20831246870305453	
1.3520561417756085	2.892191638169983	0.7422110552763819	0.25778894472361813	0.7616424636955433	0.23835753630445666	
1.3541044969529858	0.4922284084412851	0.7462311557788944	0.25376884422110557	0.7746619929894842	0.22533800701051576	
1.3561519288554704	4.3754504858921734	0.7633165829145728	0.23668341708542717	0.7776664997496244	0.22233350025037557	
1.3581984473016708	1.9754872561639303	0.7452261306532664	0.25477386934673363	0.7586379569354031	0.24136204306459685	
1.3602440620730194	5.858709333614819	0.7633165829145728	0.23668341708542717	0.7516274411617426	0.24837255883825737	
1.3622887829142554	3.4587461038861207	0.7090452261306532	0.29095477386934676	0.7516274411617426	0.24837255883825737	
1.3643326195339043	1.0587828741574228	0.7582914572864322	0.2417085427135678	0.7436154231347021	0.2563845768652979	
1.3663755816047525	4.942004951608311	0.7552763819095477	0.2447236180904523	0.7816725087631448	0.21832749123685524	
1.3684176787643183	2.542041721879613	0.7150753768844221	0.28492462311557787	0.7386079118678017	0.2613920881321983	
1.370458920615318	0.14207849215091528	0.7844221105527638	0.21557788944723622	0.7466199298948423	0.25338007010515773	
1.3724993167261277	4.025300569601804	0.7703517587939699	0.2296482412060301	0.784677015523285	0.21532298447671505	
1.3745388766312432	1.6253373398731057	0.74321608040201	0.25678391959798996	0.7486229344016024	0.25137706559839756	
1.3765776098317326	5.508559417323994	0.778391959798995	0.221608040201005	0.7756634952428643	0.22433650475713574	
1.378615525795688	3.108596187595296	0.7613065326633166	0.2386934673366834	0.7456184276414622	0.25438157235853776	
1.3806526339586713	0.7086329578665982	0.7391959798994975	0.2608040201005025	0.7466199298948423	0.25338007010515773	
1.3826889437241572	4.5918550353174865	0.7773869346733668	0.22261306532663316	0.784677015523285	0.21532298447671505	
1.3847244644639733	2.1918918055887886	0.7452261306532664	0.25477386934673363	0.7396094141211818	0.26039058587881825	
1.386759205518734	6.075113883039677	0.7763819095477387	0.22361809045226133	0.7656484727090636	0.23435152729093645	
1.3887931761982744	3.675150653310979	0.7683417085427136	0.23165829145728645	0.7886830245368052	0.21131697546319483	
1.3908263857820762	1.2751874235831906	0.7633165829145728	0.23668341708542717	0.7305958938407612	0.2694041061592388	
1.392858843519695	5.158409501034079	0.800502512562814	0.19949748743718598	0.7766649974962444	0.2233350025037556	
1.3948905586311804	2.758446271305381	0.7522613065326633	0.24773869346733668	0.7616424636955433	0.23835753630445666	
1.3969215403074948	0.3584830415766831	0.7703517587939699	0.2296482412060301	0.7386079118678017	0.2613920881321983	
1.3989517977109287	4.241705119027571	0.7964824120603015	0.20351758793969854	0.8117175763645468	0.18828242363545322	
1.4009813399755107	1.8417418892988735	0.728135932033983	0.27186406796601703	0.7388916625062406	0.2611083374937594	
1.403010176207418	5.724963966749762	0.7861069465267366	0.21389305347326337	0.7938092860708936	0.20619071392910637	
1.4050383154853803	3.325000737021064	0.7321339330334833	0.2678660669665167	0.7758362456315526	0.22416375436844738	
1.4070657668610829	0.925037507292366	0.7741129435282359	0.2258870564717641	0.7348976535197205	0.2651023464802795	
1.4090925393595655	4.808259584743254	0.7791104447776112	0.22088955522238884	0.8047928107838243	0.19520718921617575	
1.4111186419796187	2.4082963550145564	0.7221389305347327	0.27786106946526734	0.7668497254118821	0.23315027458811788	
1.4131440836941775	0.0083331252858585	0.7831084457771115	0.21689155422288853	0.7608587119321019	0.23914128806789814	
1.415168873450711	3.891555202736747	0.7151424287856072	0.2848575712143928	0.8087868197703445	0.1912131802296555	
1.4171930201716119	1.491591973008049	0.7191404297851074	0.2808595702148926	0.7299051422865701	0.2700948577134299	
1.419216532754579	5.374814050458937	0.7881059470264867	0.21189405297351327	0.7718422366450325	0.2281577633549675	
1.4212394200730012	2.9748508207302393	0.7141429285357321	0.28585707146426786	0.7688467299051422	0.23115327009485775	
1.423261690976337	0.5748875910015414	0.792103948025987	0.20789605197401295	0.7129306040938592	0.2870693959061408	
1.42528335429049	4.45810966845243	0.7541229385307346	0.24587706146926536	0.7908137793310035	0.2091862206689965	
1.427304418818185	2.058146438723732	0.712143928035982	0.28785607196401797	0.7528706939590614	0.24712930604093863	
1.4293248933393385	5.94136851617462	0.7391304347826086	0.26086956521739135	0.782825761357963	0.217174238642037	
1.431344786611429	3.5414052864468317	0.7401299350324838	0.2598700649675162	0.7728407388916625	0.2271592611083375	
1.4333641073698633	1.1414420567181338	0.7381309345327336	0.2618690654672664	0.7388916625062406	0.2611083374937594	
1.435382864328341	5.024664134169022	0.7721139430284858	0.2278860569715142	0.7658512231652521	0.23414877683474788	
1.4374010661792174	2.6247009044403242	0.7231384307846077	0.2768615692153923	0.7528706939590614	0.24712930604093863	
1.4394187215938623	0.2247376747116263	0.7541229385307346	0.24587706146926536	0.7568647029455816	0.2431352970544184	
1.4414358392230187	4.107959752162515	0.7621189405297352	0.23788105947026483	0.7748377433849226	0.22516225661507738	
1.4434524276971574	1.7079965224338167	0.7381309345327336	0.2618690654672664	0.7508736894658014	0.24912631053419865	
1.4454684956268313	5.591218599884705	0.7861069465267366	0.21389305347326337	0.7718422366450325	0.2281577633549675	
1.4474840516030247	3.191255370156007	0.7421289355322339	0.2578710644677661	0.7368946580129805	0.2631053419870195	
1.449499104197504	0.7912921404273092	0.7481259370314842	0.2518740629685158	0.7338991512730904	0.26610084872690964	
1.4515136619631646	4.6745142178781975	0.7741129435282359	0.2258870564717641	0.7908137793310035	0.2091862206689965	
1.4535277334343746	2.2745509881494996	0.7211394302848576	0.2788605697151424	0.744882675986021	0.255117324013979	
1.455541327127319	6.157773065600388	0.7871064467766117	0.21289355322338832	0.7668497254118821	0.23315027458811788	
1.4575544515403405	3.75780983587169	0.7371314342828585	0.26286856571714146	0.7658512231652521	0.23414877683474788	
1.4595671151542782	1.3578466061429921	0.7391304347826086	0.26086956521739135	0.7398901647528707	0.2601098352471293	
1.4615793264328059	5.2410686835938805	0.8000999500249875	0.19990004997501254	0.780828756864703	0.219171243135297	
1.463591093822767	2.8411054538651825	0.7251374312843578	0.2748625687156422	0.7678482276585122	0.23215177234148776	
1.4656024257545082	0.44114222413648463	0.7731134432783608	0.22688655672163915	0.7368946580129805	0.2631053419870195	
1.467613330642212	4.324364301587373	0.7611194402798601	0.23888055972013988	0.7768347478781827	0.22316525212181726	
1.4696238168842273	1.924401071858675	0.728135932033983	0.27186406796601703	0.7508736894658014	0.24912631053419865	
1.471633892863397	5.807623149309563	0.8010994502748626	0.19890054972513738	0.7538691962056915	0.24613080379430852	
1.473643566947386	3.407659919581775	0.7211394302848576	0.2788605697151424	0.763854218671992	0.236145781328008	
1.4756528474890067	1.007696689853077	0.7321339330334833	0.2678660669665167	0.7299051422865701	0.2700948577134299	
1.4776617428265426	4.890918767303965	0.792103948025987	0.20789605197401295	0.7688467299051422	0.23115327009485775	
1.479670261284071	2.4909555375752674	0.7331334332833583	0.26686656671664166	0.7348976535197205	0.2651023464802795	
1.4816784111717844	0.09099230784656953	0.7571214392803598	0.2428785607196402	0.7608587119321019	0.23914128806789814	
1.483686200786309	3.974214385297458	0.7691154422788605	0.23088455772113947	0.7908137793310035	0.2091862206689965	
1.4856936384110233	1.57425115556876	0.7211394302848576	0.2788605697151424	0.7488766849725412	0.25112331502745877	
1.4877007323163758	5.457473233019648	0.777111444277861	0.22288855572213895	0.7578632051922117	0.24213679480778827	
1.4897074907601988	3.0575100032909504	0.7071464267866067	0.29285357321339334	0.7378931602596106	0.2621068397403894	
1.4917139219880247	0.6575467735622524	0.7451274362818591	0.25487256371814093	0.745881178232651	0.254118821767349	
1.493720034233396	4.540768851013141	0.7631184407796102	0.23688155922038978	0.8027958062905641	0.19720419370943587	
1.4957258357181802	2.140805621284443	0.7031484257871065	0.29685157421289354	0.7309036445332002	0.2690963554667998	
1.4977313346528773	6.024027698735331	0.777111444277861	0.22288855572213895	0.7658512231652521	0.23414877683474788	
1.4997365392369317	3.6240644690066333	0.6981509245377311	0.3018490754622689	0.7588617074388417	0.24113829256115826	
1.5017414576590382	1.2241012392779353	0.7311344327836082	0.26886556721639177	0.7289066400399401	0.2710933599600599	
1.5037460980974502	5.107323316728824	0.7801099450274862	0.2198900549725138	0.7488766849725412	0.25112331502745877	
1.5057504687202858	2.7073600870001258	0.6951524237881059	0.30484757621189407	0.7468796804792811	0.2531203195207189	
1.5077545776858323	0.30739685727142785	0.7531234382808596	0.2468765617191404	0.7139291063404892	0.28607089365951077	
1.50975843314285	4.190618934722316	0.7801099450274862	0.2198900549725138	0.7558662006989516	0.2441337993010484	
1.5117620432308765	1.7906557049936183	0.7231384307846077	0.2768615692153923	0.7498751872191712	0.25012481278082876	
1.5137654160805267	5.673877782445416	0.7971014492753623	0.2028985507246377	0.7688467299051422	0.23115327009485775	
1.5157685598137958	3.273914552716718	0.6951524237881059	0.30484757621189407	0.7378931602596106	0.2621068397403894	
1.5177714825443582	0.8739513229880203	0.728135932033983	0.27186406796601703	0.7418871692461309	0.25811283075386915	
1.5197741923778687	4.757173400438909	0.7661169415292354	0.23388305847076463	0.7528706939590614	0.24712930604093863	
1.5217766974122588	2.3572101707102107	0.7301349325337332	0.2698650674662668	0.7309036445332002	0.2690963554667998	
1.5237790057380365	6.240432248161099	0.7881059470264867	0.21189405297351327	0.7468796804792811	0.2531203195207189	
1.5257811254385825	3.840469018432401	0.7511244377811095	0.2488755622188905	0.7658512231652521	0.23414877683474788	
1.5277830645904467	1.4405057887037032	0.7191404297851074	0.2808595702148926	0.7388916625062406	0.2611083374937594	
1.5297848312636437	5.3237278661545915	0.7691154422788605	0.23088455772113947	0.780828756864703	0.219171243135297	
1.5317864335219489	2.9237646364258936	0.712143928035982	0.28785607196401797	0.745881178232651	0.254118821767349	
1.5337878794231912	0.5238014066971957	0.7691154422788605	0.23088455772113947	0.7378931602596106	0.2621068397403894	
1.535789177019548	4.407023484148084	0.7781109445277361	0.2218890554722639	0.7748377433849226	0.22516225661507738	
1.537790334357838	2.007060254419386	0.729135432283858	0.270864567716142	0.72690963554668	0.27309036445332	
1.5397913594798145	5.890282331870274	0.791104447776112	0.208895552223888	0.7388916625062406	0.2611083374937594	
1.5417922604224565	3.4903191021415765	0.7001499250374813	0.2998500749625187	0.7498751872191712	0.25012481278082876	
1.5437930452182613	1.0903558724128786	0.7081459270364817	0.2918540729635183	0.7358961557663505	0.2641038442336495	
1.5457937218955355	4.973577949863767	0.7801099450274862	0.2198900549725138	0.7718422366450325	0.2281577633549675	
1.5477942984786854	2.573614720135069	0.7381309345327336	0.2618690654672664	0.7418871692461309	0.25811283075386915	
1.5497947829885086	0.17365149040637107	0.7721139430284858	0.2278860569715142	0.7658512231652521	0.23414877683474788	
1.5517951834424826	4.056873567857259	0.7451971688574317	0.2548028311425683	0.7634462151394422	0.23655378486055778	
1.5537955078550556	1.6569103381285615	0.7401415571284126	0.25985844287158744	0.7325697211155379	0.26743027888446214	
1.5557957642379359	5.540132415580359	0.7846309403437816	0.21536905965621844	0.7644422310756972	0.2355577689243028	
1.5577959606003802	3.1401691858516614	0.6946410515672397	0.30535894843276035	0.7445219123505976	0.2554780876494024	
1.5597961049494835	0.7402059561229635	0.7209302325581395	0.2790697674418605	0.7574701195219123	0.24252988047808766	
1.5617962052904677	4.623428033573852	0.7542972699696663	0.24570273003033372	0.7843625498007968	0.21563745019920322	
1.5637962696269694	2.223464803845154	0.7209302325581395	0.2790697674418605	0.7455179282868526	0.2544820717131474	
1.565796305961329	6.106686881296042	0.7704752275025278	0.22952477249747216	0.7475099601593626	0.25249003984063745	
1.5677963222948783	3.7067236515673443	0.7168857431749242	0.28311425682507585	0.7694223107569721	0.2305776892430279	
1.56979632662823	1.3067604218386464	0.7462082912032356	0.2537917087967644	0.7146414342629482	0.28535856573705176	
1.5717963269615634	5.189982499289535	0.7583417593528817	0.24165824064711827	0.7475099601593626	0.25249003984063745	
1.5737963312949148	2.790019269560837	0.6855409504550051	0.31445904954499493	0.7006972111553785	0.29930278884462147	
1.5757963476284642	0.3900560398321389	0.737108190091001	0.26289180990899896	0.7335657370517928	0.26643426294820716	
1.5777963839628237	4.273278117283027	0.7593528816986855	0.24064711830131447	0.7893426294820717	0.21065737051792832	
1.5797964482993254	1.8733148875543293	0.7027300303336703	0.2972699696663297	0.7196215139442231	0.28037848605577687	
1.5817965486403096	5.756536965005218	0.7866531850353893	0.21334681496461072	0.7684262948207171	0.23157370517928288	
1.583796692989413	3.3565737352765197	0.7482305358948432	0.25176946410515677	0.7495019920318725	0.2504980079681275	
1.5857968893518573	0.9566105055478218	0.7128412537917088	0.2871587462082912	0.7375498007968128	0.26245019920318724	
1.5877971457347375	4.83983258299871	0.775530839231547	0.22446916076845302	0.7803784860557769	0.21962151394422313	
1.5897974701473105	2.439869353270012	0.731041456016178	0.268958543983822	0.7574701195219123	0.24252988047808766	
1.5917978706012845	0.03990612354131429	0.7957532861476239	0.20424671385237614	0.7365537848605578	0.2634462151394422	
1.5937983551111077	3.9231282009922026	0.7249747219413549	0.2750252780586451	0.7614541832669323	0.23854581673306774	
1.5957989316942576	1.5231649712644142	0.7320525783619818	0.2679474216380182	0.7405378486055777	0.2594621513944223	
1.5977996083715318	5.4063870487153025	0.7906976744186046	0.2093023255813954	0.7534860557768924	0.24651394422310757	
1.5998003931673366	3.0064238189866046	0.7381193124368048	0.26188068756319516	0.7305776892430279	0.2694223107569721	
1.6018012941099786	0.6064605892579067	0.7290192113245703	0.27098078867542974	0.7485059760956175	0.25149402390438247	
1.603802319231955	4.489682666708795	0.7856420626895855	0.21435793731041453	0.7614541832669323	0.23854581673306774	
1.6058034765702451	2.089719436980097	0.7168857431749242	0.28311425682507585	0.725597609561753	0.274402390438247	
1.607804774166602	5.972941514430985	0.7805864509605662	0.21941354903943378	0.7604581673306773	0.23954183266932272	
1.6098062200678442	3.5729782847022875	0.7138523761375126	0.2861476238624874	0.7455179282868526	0.2544820717131474	
1.6118078223261494	1.1730150549735896	0.7300303336703741	0.26996966632962593	0.7046812749003984	0.29531872509960155	
1.6138095889993465	5.056237132424478	0.7613751263902933	0.23862487360970674	0.7584661354581673	0.24153386454183268	
1.6158115281512107	2.65627390269578	0.7138523761375126	0.2861476238624874	0.725597609561753	0.274402390438247	
1.6178136478517566	0.2563106729670821	0.756319514661274	0.243680485338726	0.7475099601593626	0.25249003984063745	
1.6198159561775343	4.13953275041797	0.7199191102123357	0.2800808897876643	0.7594621513944223	0.2405378486055777	
1.6218184612119244	1.7395695206892725	0.7189079878665319	0.2810920121334681	0.6967131474103586	0.3032868525896414	
1.6238211710454349	5.622791598140161	0.7674418604651163	0.2325581395348837	0.7544820717131474	0.2455179282868526	
1.6258240937759973	3.222828368411463	0.7017189079878665	0.2982810920121335	0.7206175298804781	0.2793824701195219	
1.6278272375092664	0.822865138682765	0.7421638018200202	0.2578361981799798	0.7136454183266933	0.28635458167330674	
1.6298306103589166	4.706087216133653	0.7431749241658241	0.2568250758341759	0.7863545816733067	0.21364541832669326	
1.6318342204469432	2.3061239864049554	0.6582406471183013	0.3417593528816987	0.7365537848605578	0.2634462151394422	
1.633838075903961	6.189346063855844	0.7836198179979778	0.21638018200202225	0.7415338645418327	0.2584661354581673	
1.6358421848695075	3.7893828341280553	0.7320525783619818	0.2679474216380182	0.7524900398406374	0.24750996015936255	
1.6378465554923431	1.3894196043993574	0.7229524772497472	0.2770475227502528	0.7186254980079682	0.28137450199203184	
1.6398511959307551	5.272641681850246	0.7987866531850354	0.2012133468149646	0.7664342629482072	0.23356573705179284	
1.6418561143528616	2.872678452121548	0.7269969666329625	0.27300303336703746	0.7475099601593626	0.25249003984063745	
1.6438613189369158	0.4727152223928499	0.7330637007077856	0.2669362992922144	0.7524900398406374	0.24750996015936255	
1.6458668178716132	4.355937299843738	0.7542972699696663	0.24570273003033372	0.7624501992031872	0.23754980079681276	
1.6478726193563973	1.9559740701150403	0.7108190091001011	0.2891809908998989	0.7206175298804781	0.2793824701195219	
1.6498787316017687	5.839196147565929	0.7644084934277048	0.23559150657229522	0.7435258964143426	0.25647410358565736	
1.6518851628295943	3.4392329178372307	0.7360970677451971	0.2639029322548029	0.7425298804780877	0.25747011952191234	
1.6538919212734176	1.0392696881085328	0.7340748230535895	0.2659251769464105	0.7126494023904383	0.2873505976095617	
1.65589901517877	4.922491765559421	0.7613751263902933	0.23862487360970674	0.7504980079681275	0.2495019920318725	
1.6579064528034844	2.5225285358307232	0.7057633973710818	0.29423660262891815	0.7226095617529881	0.27739043824701193	
1.6599142424180087	0.12256530610202532	0.7421638018200202	0.2578361981799798	0.7465139442231076	0.2534860557768924	
1.661922392305722	4.005787383552914	0.7441860465116279	0.2558139534883721	0.7475099601593626	0.25249003984063745	
1.6639309107632507	1.6058241538242157	0.6845298281092013	0.31547017189079873	0.7514940239043825	0.24850597609561753	
1.6659398061007866	5.489046231275104	0.7977755308392316	0.20222446916076842	0.7475099601593626	0.25249003984063745	
1.6679490866424074	3.089083001546406	0.7492416582406471	0.25075834175935285	0.7544820717131474	0.2455179282868526	
1.6699587607263964	0.6891197718177082	0.7128412537917088	0.2871587462082912	0.7524900398406374	0.24750996015936255	
1.6719688367055658	4.5723418492685965	0.7219413549039434	0.2780586450960566	0.773406374501992	0.226593625498008	
1.6739793229475812	2.1723786195398986	0.6865520728008089	0.3134479271991911	0.7216135458167331	0.2783864541832669	
1.6759902278352852	6.055600696990787	0.7472194135490394	0.2527805864509606	0.7554780876494024	0.24452191235059761	
1.6780015597670264	3.6556374672629985	0.6653185035389282	0.3346814964610718	0.7574701195219123	0.24252988047808766	
1.6800133271569875	1.2556742375343006	0.7340748230535895	0.2659251769464105	0.7564741035856574	0.24352589641434264	
1.6820255384355152	5.138896314985189	0.7593528816986855	0.24064711830131447	0.771414342629482	0.22858565737051795	
1.6840382020494529	2.738933085256491	0.7017189079878665	0.2982810920121335	0.726593625498008	0.273406374501992	
1.6860513264624741	0.33896985552779313	0.7684529828109201	0.23154701718907988	0.724601593625498	0.27539840637450197	
1.6880649201554185	4.2221919329786815	0.7462082912032356	0.2537917087967644	0.7644422310756972	0.2355577689243028	
1.6900789916266286	1.8222287032499835	0.7441860465116279	0.2558139534883721	0.7166334661354582	0.2833665338645418	
1.692093549392289	5.705450780700872	0.7573306370070778	0.2426693629929222	0.7216135458167331	0.2783864541832669	
1.6941086019867686	3.305487550972174	0.6713852376137512	0.32861476238624876	0.7206175298804781	0.2793824701195219	
1.696124157962962	0.905524321243476	0.7269969666329625	0.27300303336703746	0.725597609561753	0.274402390438247	
1.6981402258926357	4.788746398694364	0.7512639029322548	0.24873609706774524	0.7594621513944223	0.2405378486055777	
1.7001568143667747	2.3887831689656664	0.698685540950455	0.301314459049545	0.7495019920318725	0.2504980079681275	
1.702173931995931	6.272005246416555	0.7528996469994957	0.24710035300050426	0.7180261832829808	0.28197381671701915	
1.704191587410576	3.872042016687857	0.7286938981341402	0.2713061018658598	0.7482376636455186	0.2517623363544814	
1.7062097892614523	1.472078786959159	0.7418053454362078	0.2581946545637922	0.7049345417925479	0.2950654582074521	
1.7082285462199298	5.355300864410047	0.7609682299546142	0.23903177004538578	0.730110775427996	0.26988922457200404	
1.710247866978364	2.9553376346813494	0.7145738779626828	0.2854261220373172	0.7321248741188319	0.26787512588116813	
1.7122677602504546	0.5553744049526514	0.7518910741301059	0.24810892586989408	0.7210473313192346	0.2789526686807654	
1.7142882347716082	4.43859648240354	0.7478567826525466	0.2521432173474534	0.7673716012084593	0.23262839879154074	
1.7163092992993032	2.038633252674842	0.7115481593545133	0.2884518406454867	0.7009063444108762	0.2990936555891238	
1.7183309626134564	5.92185533012664	0.7357539082198689	0.26424609178013114	0.7482376636455186	0.2517623363544814	
1.720353233516792	3.5218921003979418	0.6944024205748865	0.30559757942511345	0.7492447129909365	0.25075528700906347	
1.7223761208352144	1.1219288706692438	0.7276853252647504	0.2723146747352496	0.7321248741188319	0.26787512588116813	
1.7243996334181815	5.005150948120132	0.7720625315179022	0.22793746848209784	0.7381671701913394	0.2618328298086606	
1.726423780139082	2.6051877183914343	0.6802824004034291	0.31971759959657087	0.7079556898288016	0.29204431017119836	
1.7284485698956158	0.20522448866273635	0.7639939485627837	0.2360060514372163	0.7401812688821753	0.2598187311178247	
1.7304740116101744	4.088446566113625	0.7387796268280383	0.2612203731719617	0.7200402819738168	0.27995971802618325	
1.7325001142302277	1.6884833363849268	0.72970247100353	0.27029752899646997	0.7260825780463243	0.27391742195367574	
1.7345268867287102	5.571705413835815	0.7771053958648513	0.22289460413514872	0.7522658610271903	0.24773413897280971	
1.7365543381044128	3.171742184107117	0.708522440746344	0.29147755925365604	0.7401812688821753	0.2598187311178247	
1.7385824773823753	0.7717789543784193	0.7488653555219364	0.25113464447806355	0.7240684793554885	0.27593152064451154	
1.7406113136142825	4.655001031829308	0.7771053958648513	0.22289460413514872	0.7603222557905337	0.2396777442094663	
1.7426408558788646	2.2550378021006097	0.7155824508320726	0.2844175491679274	0.7522658610271903	0.24773413897280971	
1.7446711132822983	6.138259879551498	0.7397881996974282	0.26021180030257185	0.7230614300100705	0.2769385699899295	
1.746702094958613	3.7382966498228	0.7387796268280383	0.2612203731719617	0.7663645518630413	0.2336354481369587	
1.7487338100700984	1.3383334200941022	0.7226424609178013	0.27735753908219873	0.7361530715005036	0.2638469284994964	
1.7507662678077172	5.2215554975449905	0.745839636913767	0.254160363086233	0.743202416918429	0.25679758308157097	
1.752799477391519	2.8215922678162926	0.697428139183056	0.302571860816944	0.7200402819738168	0.27995971802618325	
1.754833448071059	0.42162903808759467	0.7508825012607161	0.2491174987392839	0.729103726082578	0.270896273917422	
1.75686818912582	4.304851115538483	0.761976802824004	0.23802319717599596	0.7754279959718026	0.22457200402819744	
1.7589037098656362	1.904887885809785	0.7125567322239031	0.28744326777609686	0.702920443101712	0.297079556898288	
1.7609400196311222	5.788109963261583	0.794251134644478	0.20574886535552195	0.7542799597180262	0.2457200402819738	
1.7629771277941053	3.388146733532885	0.7034795763993948	0.29652042360060515	0.743202416918429	0.25679758308157097	
1.7650150437580607	0.9881835038041871	0.7609682299546142	0.23903177004538578	0.7321248741188319	0.26787512588116813	
1.7670537769585501	4.871405581255075	0.7599596570852244	0.2400403429147756	0.7522658610271903	0.24773413897280971	
1.7690933368636657	2.4714423515263775	0.7236510337871911	0.2763489662128089	0.6928499496475328	0.30715005035246723	
1.7711337329744756	0.07147912179767957	0.7881996974281392	0.21180030257186078	0.7250755287009063	0.2749244712990937	
1.773174974825475	3.954701199248568	0.7367624810892587	0.2632375189107413	0.7673716012084593	0.23262839879154074	
1.7752170719850409	1.55473796951987	0.7095310136157338	0.2904689863842662	0.7421953675730111	0.2578046324269889	
1.777260034055889	5.437960046970758	0.7771053958648513	0.22289460413514872	0.7391742195367573	0.2608257804632427	
1.779303870675538	3.0379968172420604	0.6822995461422088	0.3177004538577912	0.7119838872104733	0.28801611278952666	
1.781348591516774	0.6380335875133625	0.7700453857791225	0.22995461422087748	0.6958710976837865	0.3041289023162135	
1.7833942062881225	4.521255664964251	0.7710539586485123	0.22894604135148766	0.756294058408862	0.243705941591138	
1.785440724734323	2.121292435235553	0.6742309631870903	0.3257690368129097	0.7139979859013091	0.28600201409869086	
1.7874881566368075	6.004514512686441	0.773071104387292	0.22692889561270801	0.7371601208459214	0.2628398791540786	
1.7895365118141848	3.6045512829577433	0.7075138678769541	0.29248613212304586	0.7391742195367573	0.2608257804632427	
1.7915858001227274	1.2045880532290454	0.7367624810892587	0.2632375189107413	0.701913393756294	0.298086606243706	
1.7936360314568653	5.087810130679934	0.7670196671709532	0.23298033282904684	0.743202416918429	0.25679758308157097	
1.7956872157496822	2.687846900951236	0.7186081694402421	0.2813918305597579	0.7190332326283988	0.2809667673716012	
1.7977393629734166	0.2878836712225379	0.7771053958648513	0.22289460413514872	0.7180261832829808	0.28197381671701915	
1.79979248313997	4.171105748673426	0.7468482097831568	0.2531517902168432	0.7673716012084593	0.23262839879154074	
1.8018465863014166	1.7711425189456378	0.7226424609178013	0.27735753908219873	0.7170191339375629	0.2829808660624371	
1.80390168255052	5.654364596396526	0.7599596570852244	0.2400403429147756	0.7502517623363545	0.2497482376636455	
1.805957782021255	3.254401366667828	0.681290973272819	0.31870902672718104	0.7270896273917422	0.2729103726082578	
1.808014894889332	0.8544381369391303	0.7206253151790217	0.27937468482097827	0.7190332326283988	0.2809667673716012	
1.810073031372731	4.737660214390019	0.7609682299546142	0.23903177004538578	0.7512588116817724	0.24874118831822756	
1.8121322017322354	2.3376969846613207	0.6984367120524458	0.30156328794755416	0.7482376636455186	0.2517623363544814	
1.8141924162719762	6.220919062112209	0.7448310640443772	0.25516893595562284	0.7311178247734139	0.2688821752265861	
1.8162536853399782	3.820955832383511	0.7629853756933939	0.23701462430660614	0.7331319234642497	0.2668680765357503	
1.8183160193287127	1.4209926026548132	0.7175995965708523	0.28240040342914774	0.7421953675730111	0.2578046324269889	
1.820379428675656	5.3042146801057015	0.7377710539586485	0.2622289460413515	0.7109768378650554	0.2890231621349446	
1.822443923863854	2.9042514503770036	0.7155824508320726	0.2844175491679274	0.7119838872104733	0.28801611278952666	
1.8245095154224906	0.5042882206483057	0.7307110438729199	0.26928895612708015	0.7472306143001007	0.25276938569989926	
1.826576213927466	4.387510298099194	0.7095310136157338	0.2904689863842662	0.7482376636455186	0.2517623363544814	
1.8286440300019753	1.987547068370496	0.713565305093293	0.28643469490670703	0.6888217522658611	0.31117824773413894	
1.8307129743170978	5.870769145821384	0.7397881996974282	0.26021180030257185	0.7099697885196374	0.29003021148036257	
1.8327830575923905	3.4708059160926865	0.7095310136157338	0.2904689863842662	0.7270896273917422	0.2729103726082578	
1.8348542905964882	1.0708426863639886	0.7307110438729199	0.26928895612708015	0.7230614300100705	0.2769385699899295	
1.83692668414771	4.954064763814877	0.7609682299546142	0.23903177004538578	0.7311178247734139	0.2688821752265861	
1.8390002491146717	2.554101534086179	0.6923852748361069	0.3076147251638931	0.7009063444108762	0.2990936555891238	
1.8410749964169062	0.1541383043574811	0.7196167423096319	0.2803832576903681	0.7341389728096677	0.26586102719033233	
1.8431509370254882	4.037360381808369	0.7569339384770549	0.24306606152294508	0.7593152064451159	0.24068479355488415	
1.8452280819636682	1.637397152080581	0.740796772566818	0.259203227433182	0.7311178247734139	0.2688821752265861	
1.847306442307512	5.520619229531469	0.745839636913767	0.254160363086233	0.7260825780463243	0.27391742195367574	
1.8493860291865472	3.1206559998027714	0.7256681795259707	0.27433182047402926	0.7049345417925479	0.2950654582074521	
1.851466853784417	0.7206927700740735	0.7468482097831568	0.2531517902168432	0.7280966767371602	0.27190332326283984	
1.8535489273395422	4.603914847524962	0.7650025214321735	0.2349974785678265	0.7452165156092648	0.25478348439073517	
1.8556322611457885	2.203951617796264	0.6963298139768728	0.30367018602312723	0.6902255639097744	0.3097744360902256	
1.857716866553143	6.087173695247152	0.730517848164907	0.26948215183509305	0.7233082706766917	0.2766917293233083	
1.859802754968398	3.6872104655184543	0.6701860231271995	0.32981397687280045	0.7192982456140351	0.2807017543859649	
1.8618899378558413	1.2872472357897564	0.705379587732529	0.29462041226747104	0.7052631578947368	0.2947368421052632	
1.8639784267379567	5.170469313240645	0.755656108597285	0.24434389140271495	0.7303258145363408	0.2696741854636592	
1.8660682331961298	2.770506083511947	0.649069884364002	0.35093011563599796	0.7303258145363408	0.2696741854636592	
1.8681593688713642	0.3705428537832489	0.7586726998491704	0.2413273001508296	0.7223057644110276	0.27769423558897244	
1.8702518454650043	4.253764931234137	0.738562091503268	0.261437908496732	0.7483709273182957	0.2516290726817043	
1.8723456747394671	1.8538017015054393	0.7063851181498241	0.2936148818501759	0.6852130325814536	0.3147869674185464	
1.874440868518983	5.737023778956328	0.7486173956762192	0.2513826043237808	0.7192982456140351	0.2807017543859649	
1.8765374386903446	3.3370605492276297	0.7124183006535948	0.2875816993464052	0.712280701754386	0.28771929824561404	
1.8786353972036645	0.9370973194989318	0.7435897435897436	0.2564102564102564	0.7172932330827068	0.28270676691729324	
1.880734756073142	4.82031939694982	0.7536450477626948	0.2463549522373052	0.7533834586466165	0.2466165413533835	
1.8828355273778392	2.4203561672211222	0.6882855706385118	0.3117144293614882	0.7112781954887218	0.28872180451127816	
1.8849377232624662	0.020392937492424323	0.7435897435897436	0.2564102564102564	0.7233082706766917	0.2766917293233083	
1.8870413559381751	3.903615014944222	0.7184514831573655	0.2815485168426345	0.7283208020050125	0.2716791979949875	
1.8891464376833647	1.5036517852155242	0.6933132227249874	0.3066867772750126	0.6842105263157895	0.3157894736842105	
1.8912529808444944	5.3868738626664125	0.7536450477626948	0.2463549522373052	0.750375939849624	0.24962406015037597	
1.8933609978369077	2.9869106329377146	0.6933132227249874	0.3066867772750126	0.6962406015037594	0.30375939849624056	
1.8954705011456656	0.5869474032090167	0.7445952740070387	0.25540472599296127	0.7283208020050125	0.2716791979949875	
1.897581503326392	4.470169480659905	0.7345399698340875	0.26546003016591246	0.7233082706766917	0.2766917293233083	
1.8996940170061267	2.070206250931207	0.6792357968828557	0.32076420311714426	0.7022556390977444	0.29774436090225564	
1.9018080548841911	5.9534283283820955	0.7536450477626948	0.2463549522373052	0.7303258145363408	0.2696741854636592	
1.9039236297330644	3.5534650986533975	0.6882855706385118	0.3117144293614882	0.7102756892230576	0.2897243107769424	
1.9060407543992692	1.1535018689246996	0.722473604826546	0.277526395173454	0.7102756892230576	0.2897243107769424	
1.9081594418042713	5.036723946375588	0.7616892911010558	0.23831070889894423	0.7152882205513784	0.2847117794486216	
1.9102797049453868	2.63676071664689	0.6370035193564605	0.3629964806435395	0.6962406015037594	0.30375939849624056	
1.9124015568967043	0.23679748691819213	0.7526395173453997	0.2473604826546003	0.7142857142857143	0.2857142857142857	
1.9145250108100167	4.1200195643690805	0.7526395173453997	0.2473604826546003	0.7383458646616541	0.2616541353383459	
1.916650079915766	1.7200563346403825	0.6963298139768728	0.30367018602312723	0.6952380952380952	0.3047619047619048	
1.9187767775239994	5.603278412091271	0.7687280040221217	0.2312719959778783	0.7263157894736842	0.27368421052631575	
1.9209051170253388	3.203315182362573	0.7033685268979387	0.2966314731020613	0.6902255639097744	0.3097744360902256	
1.9230351118919613	0.803351952633875	0.7013574660633484	0.29864253393665163	0.7112781954887218	0.28872180451127816	
1.925166775678594	4.686574030084763	0.7335344394167923	0.2664655605832077	0.7203007518796992	0.2796992481203008	
1.9273001220235209	2.2866108003560655	0.7043740573152338	0.29562594268476616	0.7203007518796992	0.2796992481203008	
1.9294351646496035	6.169832877806954	0.7526395173453997	0.2473604826546003	0.731328320802005	0.26867167919799495	
1.9315719173653145	3.7698696480791654	0.6892911010558069	0.31070889894419307	0.7152882205513784	0.2847117794486216	
1.9337103940657852	1.3699064183504674	0.6963298139768728	0.30367018602312723	0.6972431077694236	0.30275689223057645	
1.935850608733867	5.253128495801356	0.7536450477626948	0.2463549522373052	0.7523809523809524	0.24761904761904763	
1.9379925754412068	2.853165266072658	0.6872800402212167	0.3127199597787833	0.7223057644110276	0.27769423558897244	
1.9401363083493381	0.45320203634395995	0.7295123177476118	0.2704876822523882	0.7403508771929824	0.2596491228070176	
1.942281821710784	4.336424113794848	0.7295123177476118	0.2704876822523882	0.7343358395989975	0.2656641604010025	
1.9444291298701777	1.9364608840661504	0.7013574660633484	0.29864253393665163	0.7052631578947368	0.2947368421052632	
1.9465782472653974	5.819682961517039	0.7677224736048266	0.2322775263951734	0.7182957393483709	0.2817042606516291	
1.948729188428717	3.4197197317883408	0.705379587732529	0.29462041226747104	0.7223057644110276	0.27769423558897244	
1.950881967987971	1.0197565020596429	0.7506284565108094	0.24937154348919055	0.7213032581453634	0.27869674185463655	
1.9530366006677373	4.902978579510531	0.7476118652589241	0.2523881347410759	0.7213032581453634	0.27869674185463655	
1.9551931012905357	2.5030153497818333	0.6882855706385118	0.3117144293614882	0.6982456140350877	0.30175438596491233	
1.9573514847780429	0.10305212005313535	0.7546505781799899	0.24534942182001007	0.72531328320802	0.27468671679198	
1.959511766152324	3.9862741975040237	0.6772247360482655	0.3227752639517345	0.7112781954887218	0.28872180451127816	
1.961673960537082	1.5863109677753258	0.7234791352438411	0.2765208647561589	0.6832080200501253	0.31679197994987474	
1.9638380831589244	5.469533045226214	0.7526395173453997	0.2473604826546003	0.7453634085213032	0.25463659147869677	
1.966004149348648	3.069569815497516	0.6762192056309704	0.3237807943690296	0.6982456140350877	0.30175438596491233	
1.9681721745425411	0.6696065857688183	0.7315233785822021	0.26847662141779793	0.7233082706766917	0.2766917293233083	
1.9703421742837048	4.552828663219707	0.7355455002513827	0.26445449974861734	0.7403508771929824	0.2596491228070176	
1.9725141642233939	2.1528654334910087	0.7094017094017094	0.29059829059829057	0.7092731829573935	0.2907268170426065	
1.9746881601223751	6.0360875109428065	0.7264957264957265	0.27350427350427353	0.7142857142857143	0.2857142857142857	
1.9768641778523064	3.6361242812141086	0.6822523881347411	0.3177476118652589	0.7303258145363408	0.2696741854636592	
1.9790422333971358	1.2361610514854107	0.7073906485671192	0.2926093514328808	0.6922305764411028	0.30776942355889725	
1.9812223428545204	5.119383128936299	0.7616892911010558	0.23831070889894423	0.7263157894736842	0.27368421052631575	
1.9834045224372656	2.719419899207601	0.6802413273001509	0.31975867269984914	0.6902255639097744	0.3097744360902256	
1.9855887884747867	0.31945666947890317	0.7445952740070387	0.25540472599296127	0.700250626566416	0.299749373433584	
1.9877751574145908	4.2026787469297915	0.7234791352438411	0.2765208647561589	0.7032581453634085	0.29674185463659153	
1.98996364582378	1.8027155172010936	0.7214680744092509	0.27853192559074913	0.6791979949874687	0.3208020050125313	
1.992154270390579	5.685937594651982	0.7435897435897436	0.2564102564102564	0.7162907268170426	0.28370927318295736	
