0.0	0.0	0.8397035881435257	0.16029641185647425	0.8469288897500484	0.15307111024995157
0.06283185307179587	0.0	0.8365834633385335	0.1634165366614665	0.8542918039139702	0.1457081960860298
0.06283185307179587	-3.141592653589793	0.8175377015080604	0.18246229849193962	0.818639798488665	0.18136020151133503
0.12566370614359174	0.0	0.8363884555382215	0.1636115444617785	0.8442808241296906	0.15571917587030937
0.12566370614359174	-3.141592653589793	0.828393135725429	0.17160686427457095	0.8227087773687269	0.17729122263127306
0.1884955592153876	0.0	0.8370384815392615	0.16296151846073847	0.8544855648130207	0.14551443518697926
0.1884955592153876	-3.141592653589793	0.8244929797191888	0.17550702028081122	0.819673189950268	0.18032681004973194
0.25132741228718347	0.0	0.8297581903276131	0.1702418096723869	0.8473164115481496	0.15268358845185037
0.25132741228718347	-3.141592653589793	0.8226079043161727	0.1773920956838273	0.7968739908286507	0.20312600917134926
0.3141592653589793	0.0	0.8273530941237649	0.1726469058762351	0.8426015630045857	0.15739843699541434
0.3141592653589793	-3.141592653589793	0.8183827353094124	0.1816172646905876	0.818316863656914	0.18168313634308597
0.3769911184307752	0.0	0.8247529901196048	0.1752470098803952	0.8502874120002584	0.14971258799974163
0.3769911184307752	-3.141592653589793	0.8141575663026521	0.18584243369734788	0.798294904088355	0.20170509591164498
0.4398229715025711	0.0	0.8330083203328134	0.16699167966718664	0.8542272169476199	0.14577278305238006
0.4398229715025711	-3.141592653589793	0.8165626625065002	0.18343733749349977	0.8079829490408835	0.19201705095911648
0.5026548245743669	0.0	0.8294981799271971	0.1705018200728029	0.8469934767163987	0.15300652328360131
0.5026548245743669	-3.141592653589793	0.8226729069162767	0.1773270930837233	0.8015242524058644	0.19847574759413555
0.5654866776461628	0.0	0.8161076443057722	0.1838923556942278	0.8463476070528967	0.1536523929471033
0.5654866776461628	-3.141592653589793	0.8158476339053562	0.1841523660946438	0.807789188141833	0.19221081185816702
0.6283185307179586	0.0	0.8321632865314612	0.1678367134685388	0.8548084996447717	0.14519150035522832
0.6283185307179586	-3.141592653589793	0.8035621424856995	0.19643785751430054	0.811535232190144	0.188464767809856
0.6911503837897546	0.0	0.8273530941237649	0.1726469058762351	0.8520958470580637	0.14790415294193626
0.6911503837897546	-3.141592653589793	0.8085673426937078	0.19143265730629222	0.7954530775689466	0.20454692243105344
0.7539822368615504	0.0	0.8109074362974519	0.18909256370254812	0.8422140412064846	0.15778595879351542
0.7539822368615504	-3.141592653589793	0.7873764950598023	0.21262350494019766	0.7720725957501776	0.22792740424982239
0.8168140899333463	0.0	0.8193577743109725	0.18064222568902755	0.8329781050184073	0.1670218949815927
0.8168140899333463	-3.141592653589793	0.7962818512740509	0.20371814872594907	0.7926112510495382	0.20738874895046178
0.8796459430051422	0.0	0.8148725949037962	0.18512740509620385	0.8367241490667183	0.16327585093328167
0.8796459430051422	-3.141592653589793	0.7903016120644826	0.20969838793551743	0.81017890589679	0.18982109410321002
0.942477796076938	0.0	0.8092823712948518	0.1907176287051482	0.8263256474843377	0.17367435251566232
0.942477796076938	-3.141592653589793	0.7705408216328653	0.2294591783671347	0.7813085319382549	0.2186914680617451
1.0053096491487339	0.0	0.8149375975039002	0.18506240249609984	0.8338177355809597	0.16618226441904027
1.0053096491487339	-3.141592653589793	0.7703458138325533	0.2296541861674467	0.7826002712652587	0.21739972873474134
1.0681415022205298	0.0	0.8015470618824753	0.19845293811752474	0.822385842536976	0.177614157463024
1.0681415022205298	-3.141592653589793	0.7639105564222569	0.23608944357774309	0.7594135503455403	0.24058644965445974
1.1309733552923256	0.0	0.8159776391055642	0.1840223608944358	0.8163146677000581	0.18368533229994188
1.1309733552923256	-3.141592653589793	0.7607254290171607	0.23927457098283933	0.7685848995672673	0.23141510043273272
1.1938052083641215	0.0	0.7920566822672906	0.20794331773270935	0.8115998191564943	0.18840018084350574
1.1938052083641215	-3.141592653589793	0.735309412376495	0.26469058762350495	0.7583801588839372	0.24161984111606283
1.2566370614359172	0.0	0.7846463858554342	0.21535361414456577	0.8009429697087128	0.19905703029128718
1.2566370614359172	-3.141592653589793	0.7450598023920957	0.2549401976079043	0.7703933346250726	0.22960666537492735
1.3194689145077132	0.0	0.7836713468538742	0.21632865314612582	0.8033326874636698	0.19666731253633019
1.3194689145077132	-3.141592653589793	0.7386895475819033	0.2613104524180967	0.7563133759607311	0.24368662403926888
1.3823007675795091	0.0	0.7732059282371295	0.22679407176287047	0.7882839243040755	0.21171607569592454
1.3823007675795091	-3.141592653589793	0.7239989599583984	0.27600104004160164	0.7605761157398437	0.23942388426015626
1.4451326206513049	0.0	0.7545501820072803	0.2454498179927197	0.7739456177743331	0.22605438222566687
1.4451326206513049	-3.141592653589793	0.7015730629225169	0.29842693707748313	0.743073047858942	0.256926952141058
1.5079644737231008	0.0	0.7678757150286012	0.2321242849713988	0.7828586191306595	0.21714138086934054
1.5079644737231008	-3.141592653589793	0.7239989599583984	0.27600104004160164	0.7517277013498675	0.24827229865013245
1.5707963267948968	0.0	0.7642355694227769	0.23576443057722307	0.7711683782212749	0.22883162177872507
1.5707963267948968	-3.141592653589793	0.6851924076963078	0.31480759230369215	0.7131046954724537	0.2868953045275463
1.6336281798666925	0.0	0.749219968798752	0.25078003120124803	0.7513401795517665	0.24865982044823354
1.6336281798666925	-3.141592653589793	0.7098933957358294	0.29010660426417056	0.7421042433636892	0.2578957566363108
1.6964600329384885	0.0	0.7425247009880396	0.2574752990119604	0.755279984499128	0.24472001550087197
1.6964600329384885	-3.141592653589793	0.7043031721268851	0.2956968278731149	0.7413291997674869	0.2586708002325131
1.7592918860102844	0.0	0.7561752470098804	0.24382475299011963	0.7530840276432216	0.24691597235677842
1.7592918860102844	-3.141592653589793	0.6746619864794592	0.3253380135205408	0.7215655880643286	0.2784344119356714
1.8221237390820801	0.0	0.7249739989599584	0.2750260010400416	0.7413291997674869	0.2586708002325131
1.8221237390820801	-3.141592653589793	0.6580863234529382	0.34191367654706184	0.7157527610928115	0.2842472389071885
1.884955592153876	0.0	0.7262740509620385	0.27372594903796155	0.739327003810631	0.260672996189369
1.884955592153876	-3.141592653589793	0.6505460218408736	0.3494539781591264	0.7044500419815282	0.29554995801847184
1.9477874452256718	0.0	0.703068122724909	0.29693187727509096	0.7343538074016663	0.26564619259833366
1.9477874452256718	-3.141592653589793	0.6796021840873635	0.3203978159126365	0.720984305367177	0.27901569463282305
2.0106192982974678	0.0	0.6960478419136765	0.3039521580863235	0.7103274559193955	0.2896725440806045
2.0106192982974678	-3.141592653589793	0.6529511180447218	0.34704888195527817	0.7173028482852161	0.28269715171478393
2.0734511513692637	0.0	0.7078133125325013	0.29218668746749865	0.7265387844732933	0.27346121552670666
2.0734511513692637	-3.141592653589793	0.6298101924076963	0.3701898075923037	0.700703997933217	0.299296002066783
2.1362830044410597	0.0	0.6814872594903796	0.3185127405096204	0.7111024995155978	0.2888975004844022
2.1362830044410597	-3.141592653589793	0.6554862194487779	0.34451378055122206	0.7180778918814184	0.28192210811858165
2.199114857512855	0.0	0.7394695787831513	0.26053042121684866	0.7490796357295098	0.25092036427049025
2.199114857512855	-3.141592653589793	0.6351404056162246	0.36485959438377535	0.6910159529806885	0.3089840470193115
2.261946710584651	0.0	0.7237389495579823	0.27626105044201765	0.7417167215655881	0.2582832784344119
2.261946710584651	-3.141592653589793	0.6698517940717629	0.3301482059282371	0.7103920428857456	0.28960795711425436
2.324778563656447	0.0	0.7208138325533021	0.2791861674466979	0.7433959826906931	0.25660401730930693
2.324778563656447	-3.141592653589793	0.624414976599064	0.375585023400936	0.6909513660143383	0.30904863398566174
2.387610416728243	0.0	0.7215938637545501	0.27840613624544985	0.7291868500936511	0.27081314990634886
2.387610416728243	-3.141592653589793	0.640015600624025	0.35998439937597504	0.7015436284957696	0.29845637150423043
2.450442269800039	0.0	0.7072282891315652	0.2927717108684348	0.7251178712135891	0.27488212878641094
2.450442269800039	-3.141592653589793	0.6110244409776391	0.3889755590223609	0.7042562810824775	0.2957437189175225
2.5132741228718345	0.0	0.641510660426417	0.358489339573583	0.7012852806303688	0.29871471936963123
2.5132741228718345	-3.141592653589793	0.6202548101924077	0.3797451898075923	0.6896596266873345	0.3103403733126655
2.5761059759436304	0.0	0.6732969318772751	0.32670306812272487	0.7174966091842666	0.2825033908157334
2.5761059759436304	-3.141592653589793	0.6517810712428497	0.3482189287571503	0.6939223664664471	0.3060776335335529
2.6389378290154264	0.0	0.640665626625065	0.359334373374935	0.6832655170186657	0.31673448298133433
2.6389378290154264	-3.141592653589793	0.6529511180447218	0.34704888195527817	0.7009623457986178	0.2990376542013822
2.7017696820872223	0.0	0.7197737909516381	0.28022620904836193	0.7328683071756119	0.2671316928243881
2.7017696820872223	-3.141592653589793	0.6465808632345293	0.35341913676547065	0.6963766711877543	0.30362332881224574
2.7646015351590183	0.0	0.6173296931877275	0.38267030681227254	0.6892721048892334	0.3107278951107666
2.7646015351590183	-3.141592653589793	0.6651716068642746	0.33482839313572543	0.6946328230962991	0.30536717690370085
2.8274333882308142	0.0	0.6541211648465939	0.3458788351534061	0.7097461732222438	0.29025382677775624
2.8274333882308142	-3.141592653589793	0.5865834633385335	0.4134165366614665	0.6941807143318478	0.3058192856681522
2.8902652413026098	0.0	0.6201898075923037	0.3798101924076963	0.7017373893948201	0.2982626106051799
2.8902652413026098	-3.141592653589793	0.6278601144045762	0.37213988559542377	0.6860427565717239	0.31395724342827613
2.9530970943744057	0.0	0.6107644305772231	0.38923556942277693	0.6964412581541045	0.3035587418458955
2.9530970943744057	-3.141592653589793	0.6183697347893916	0.3816302652106084	0.6912743008460892	0.3087256991539108
3.0159289474462017	0.0	0.6541211648465939	0.3458788351534061	0.7193696312084221	0.2806303687915779
3.0159289474462017	-3.141592653589793	0.6285751430057203	0.37142485699427974	0.6881741264612801	0.31182587353871993
3.0787608005179976	0.0	0.6459308372334893	0.3540691627665107	0.7236969579538849	0.2763030420461151
3.0787608005179976	-3.141592653589793	0.6337103484139366	0.3662896515860634	0.706775172770135	0.293224827229865
3.141592653589793	0.0	0.6008190327613104	0.39918096723868957	0.7049667377123296	0.29503326228767035
