0.0	0.0	0.8719482421875	0.1280517578125	0.9095458984375	0.0904541015625	
0.06283185307179587	0.0	0.8726806640625	0.1273193359375	0.90966796875	0.09033203125	
0.12566370614359174	0.0	0.8734130859375	0.1265869140625	0.9176025390625	0.0823974609375	
0.1884955592153876	0.0	0.8751220703125	0.1248779296875	0.9150390625	0.0849609375	
0.25132741228718347	0.0	0.875	0.125	0.915771484375	0.084228515625	
0.3141592653589793	0.0	0.8677978515625	0.1322021484375	0.908935546875	0.091064453125	
0.3769911184307752	0.0	0.8682861328125	0.1317138671875	0.914794921875	0.085205078125	
0.4398229715025711	0.0	0.8651123046875	0.1348876953125	0.904541015625	0.095458984375	
0.5026548245743669	0.0	0.8582763671875	0.1417236328125	0.91015625	0.08984375	
0.5654866776461628	0.0	0.847412109375	0.152587890625	0.9010009765625	0.0989990234375	
0.6283185307179586	0.0	0.8472900390625	0.1527099609375	0.8975830078125	0.1024169921875	
0.6911503837897546	0.0	0.8392333984375	0.1607666015625	0.8841552734375	0.1158447265625	
0.7539822368615504	0.0	0.8223876953125	0.1776123046875	0.8880615234375	0.1119384765625	
0.8168140899333463	0.0	0.8214111328125	0.1785888671875	0.8739013671875	0.1260986328125	
0.8796459430051422	0.0	0.8123779296875	0.1876220703125	0.8734130859375	0.1265869140625	
0.942477796076938	0.0	0.803466796875	0.196533203125	0.8638916015625	0.1361083984375	
1.0053096491487339	0.0	0.79638671875	0.20361328125	0.861328125	0.138671875	
1.0681415022205298	0.0	0.792236328125	0.207763671875	0.851806640625	0.148193359375	
1.1309733552923256	0.0	0.782470703125	0.217529296875	0.8458251953125	0.1541748046875	
1.1938052083641215	0.0	0.77197265625	0.22802734375	0.84423828125	0.15576171875	
1.2566370614359172	0.0	0.7657470703125	0.2342529296875	0.8399658203125	0.1600341796875	
1.3194689145077132	0.0	0.7587890625	0.2412109375	0.8319091796875	0.1680908203125	
1.3823007675795091	0.0	0.74853515625	0.25146484375	0.83203125	0.16796875	
1.4451326206513049	0.0	0.7491455078125	0.2508544921875	0.8309326171875	0.1690673828125	
1.5079644737231008	0.0	0.75048828125	0.24951171875	0.8177490234375	0.1822509765625	
1.5707963267948968	0.0	0.741943359375	0.258056640625	0.8187255859375	0.1812744140625	
1.6336281798666925	0.0	0.7366943359375	0.2633056640625	0.820556640625	0.179443359375	
1.6964600329384885	0.0	0.7327880859375	0.2672119140625	0.8253173828125	0.1746826171875	
1.7592918860102844	0.0	0.7427978515625	0.2572021484375	0.8292236328125	0.1707763671875	
1.8221237390820801	0.0	0.7381591796875	0.2618408203125	0.8233642578125	0.1766357421875	
1.884955592153876	0.0	0.754638671875	0.245361328125	0.8236083984375	0.1763916015625	
1.9477874452256718	0.0	0.75537109375	0.24462890625	0.83935546875	0.16064453125	
2.0106192982974678	0.0	0.7479248046875	0.2520751953125	0.832275390625	0.167724609375	
2.0734511513692637	0.0	0.755859375	0.244140625	0.8453369140625	0.1546630859375	
2.1362830044410597	0.0	0.7606201171875	0.2393798828125	0.84423828125	0.15576171875	
2.199114857512855	0.0	0.773193359375	0.226806640625	0.85888671875	0.14111328125	
2.261946710584651	0.0	0.777587890625	0.222412109375	0.860107421875	0.139892578125	
2.324778563656447	0.0	0.7880859375	0.2119140625	0.868408203125	0.131591796875	
2.387610416728243	0.0	0.79345703125	0.20654296875	0.8759765625	0.1240234375	
2.450442269800039	0.0	0.7872314453125	0.2127685546875	0.881103515625	0.118896484375	
2.5132741228718345	0.0	0.80859375	0.19140625	0.8795166015625	0.1204833984375	
2.5761059759436304	0.0	0.8123779296875	0.1876220703125	0.8814697265625	0.1185302734375	
2.6389378290154264	0.0	0.8251953125	0.1748046875	0.89013671875	0.10986328125	
2.7017696820872223	0.0	0.81884765625	0.18115234375	0.8912353515625	0.1087646484375	
2.7646015351590183	0.0	0.8233642578125	0.1766357421875	0.9031982421875	0.0968017578125	
2.8274333882308142	0.0	0.8289794921875	0.1710205078125	0.9014892578125	0.0985107421875	
2.8902652413026098	0.0	0.83837890625	0.16162109375	0.8966064453125	0.1033935546875	
2.9530970943744057	0.0	0.8414306640625	0.1585693359375	0.9036865234375	0.0963134765625	
3.0159289474462017	0.0	0.8477783203125	0.1522216796875	0.9072265625	0.0927734375	
3.0787608005179976	0.0	0.838134765625	0.161865234375	0.9097900390625	0.0902099609375	
3.1415926535897936	0.0	0.8365478515625	0.1634521484375	0.9058837890625	0.0941162109375	
3.204424506661589	0.0	0.8416748046875	0.1583251953125	0.903076171875	0.096923828125	
3.267256359733385	0.0	0.84521484375	0.15478515625	0.90478515625	0.09521484375	
3.330088212805181	0.0	0.8465576171875	0.1534423828125	0.894287109375	0.105712890625	
3.392920065876977	0.0	0.8323974609375	0.1676025390625	0.8963623046875	0.1036376953125	
3.455751918948773	0.0	0.8277587890625	0.1722412109375	0.8892822265625	0.1107177734375	
3.518583772020569	0.0	0.8433837890625	0.1566162109375	0.880859375	0.119140625	
3.5814156250923643	0.0	0.829833984375	0.170166015625	0.8800048828125	0.1199951171875	
3.6442474781641603	0.0	0.8231201171875	0.1768798828125	0.86865234375	0.13134765625	
3.7070793312359562	0.0	0.8055419921875	0.1944580078125	0.8662109375	0.1337890625	
3.769911184307752	0.0	0.812255859375	0.187744140625	0.8564453125	0.1435546875	
3.832743037379548	0.0	0.8023681640625	0.1976318359375	0.851318359375	0.148681640625	
3.8955748904513436	0.0	0.7991943359375	0.2008056640625	0.8504638671875	0.1495361328125	
3.9584067435231396	0.0	0.7935791015625	0.2064208984375	0.8330078125	0.1669921875	
4.0212385965949355	0.0	0.7852783203125	0.2147216796875	0.8245849609375	0.1754150390625	
4.084070449666731	0.0	0.779296875	0.220703125	0.8292236328125	0.1707763671875	
4.1469023027385274	0.0	0.7801513671875	0.2198486328125	0.8157958984375	0.1842041015625	
4.209734155810323	0.0	0.7645263671875	0.2354736328125	0.8104248046875	0.1895751953125	
4.272566008882119	0.0	0.7718505859375	0.2281494140625	0.8004150390625	0.1995849609375	
4.335397861953915	0.0	0.757568359375	0.242431640625	0.7952880859375	0.2047119140625	
4.39822971502571	0.0	0.7493896484375	0.2506103515625	0.79248046875	0.20751953125	
4.461061568097507	0.0	0.7470703125	0.2529296875	0.7967529296875	0.2032470703125	
4.523893421169302	0.0	0.7569580078125	0.2430419921875	0.7913818359375	0.2086181640625	
4.586725274241099	0.0	0.748046875	0.251953125	0.7869873046875	0.2130126953125	
4.649557127312894	0.0	0.7462158203125	0.2537841796875	0.784423828125	0.215576171875	
4.71238898038469	0.0	0.7437744140625	0.2562255859375	0.7906494140625	0.2093505859375	
4.775220833456486	0.0	0.753662109375	0.246337890625	0.795654296875	0.204345703125	
4.838052686528282	0.0	0.7508544921875	0.2491455078125	0.7899169921875	0.2100830078125	
4.900884539600078	0.0	0.756103515625	0.243896484375	0.7938232421875	0.2061767578125	
4.9637163926718735	0.0	0.7567138671875	0.2432861328125	0.8009033203125	0.1990966796875	
5.026548245743669	0.0	0.7532958984375	0.2467041015625	0.79541015625	0.20458984375	
5.089380098815465	0.0	0.7584228515625	0.2415771484375	0.807861328125	0.192138671875	
5.152211951887261	0.0	0.7659912109375	0.2340087890625	0.8072509765625	0.1927490234375	
5.215043804959057	0.0	0.770751953125	0.229248046875	0.81103515625	0.18896484375	
5.277875658030853	0.0	0.7724609375	0.2275390625	0.8079833984375	0.1920166015625	
5.340707511102649	0.0	0.7879638671875	0.2120361328125	0.8184814453125	0.1815185546875	
5.403539364174445	0.0	0.7864990234375	0.2135009765625	0.81982421875	0.18017578125	
5.46637121724624	0.0	0.7978515625	0.2021484375	0.8389892578125	0.1610107421875	
5.529203070318037	0.0	0.8128662109375	0.1871337890625	0.8516845703125	0.1483154296875	
5.592034923389832	0.0	0.8135986328125	0.1864013671875	0.8514404296875	0.1485595703125	
5.6548667764616285	0.0	0.8193359375	0.1806640625	0.854736328125	0.145263671875	
5.717698629533424	0.0	0.8282470703125	0.1717529296875	0.864501953125	0.135498046875	
5.7805304826052195	0.0	0.83154296875	0.16845703125	0.869873046875	0.130126953125	
5.843362335677016	0.0	0.8404541015625	0.1595458984375	0.8779296875	0.1220703125	
5.906194188748811	0.0	0.8475341796875	0.1524658203125	0.883544921875	0.116455078125	
5.969026041820608	0.0	0.852783203125	0.147216796875	0.892333984375	0.107666015625	
6.031857894892403	0.0	0.855712890625	0.144287109375	0.8955078125	0.1044921875	
6.094689747964199	0.0	0.8587646484375	0.1412353515625	0.907958984375	0.092041015625	
6.157521601035995	0.0	0.8702392578125	0.1297607421875	0.9053955078125	0.0946044921875	
6.220353454107791	0.0	0.8697509765625	0.1302490234375	0.9117431640625	0.0882568359375	
