0.0	0.0	0.965992898115269	0.034007101884730995	0.8916230366492146	0.1083769633507854	
0.06283185307179587	0.0	0.9694072657743786	0.030592734225621365	0.8960732984293194	0.10392670157068062	
0.12566370614359174	0.0	0.9643540016388965	0.03564599836110349	0.8942408376963351	0.10575916230366489	
0.1884955592153876	0.0	0.9542474733679323	0.04575252663206775	0.8955497382198953	0.10445026178010475	
0.25132741228718347	0.0	0.9646271510516252	0.03537284894837478	0.900130890052356	0.09986910994764397	
0.3141592653589793	0.0	0.9519257033597378	0.04807429664026219	0.8981675392670158	0.10183246073298424	
0.3769911184307752	0.0	0.9539743239552035	0.04602567604479646	0.8921465968586387	0.10785340314136127	
0.4398229715025711	0.0	0.9500136574706365	0.049986342529363514	0.8976439790575916	0.10235602094240837	
0.5026548245743669	0.0	0.9427751980333242	0.05722480196667579	0.8954188481675392	0.10458115183246075	
0.5654866776461628	0.0	0.9420923245015024	0.057907675498497624	0.8918848167539267	0.10811518324607328	
0.6283185307179586	0.0	0.9293908768096149	0.07060912319038515	0.8821989528795812	0.11780104712041883	
0.6911503837897546	0.0	0.9254302103250478	0.0745697896749522	0.8806282722513089	0.11937172774869109	
0.7539822368615504	0.0	0.9236547391423109	0.07634526085768911	0.8715968586387435	0.12840314136125652	
0.8168140899333463	0.0	0.9117727396886097	0.08822726031139028	0.8640052356020942	0.1359947643979058	
0.8796459430051422	0.0	0.9023490849494673	0.0976509150505327	0.8646596858638743	0.13534031413612568	
0.942477796076938	0.0	0.8990712919967222	0.1009287080032778	0.8528795811518325	0.1471204188481675	
1.0053096491487339	0.0	0.8815897295820814	0.11841027041791863	0.8534031413612565	0.1465968586387435	
1.0681415022205298	0.0	0.883228626058454	0.11677137394154602	0.8437172774869109	0.15628272251308906	
1.1309733552923256	0.0	0.884321223709369	0.11567877629063095	0.8447643979057592	0.1552356020942408	
1.1938052083641215	0.0	0.8672493854138213	0.13275061458617865	0.8261780104712042	0.1738219895287958	
1.2566370614359172	0.0	0.8712100518983884	0.1287899481016116	0.8184554973821989	0.18154450261780108	
1.3194689145077132	0.0	0.864244741873805	0.13575525812619504	0.8147905759162304	0.1852094240837696	
1.3823007675795091	0.0	0.8564599836110353	0.14354001638896474	0.8137434554973823	0.18625654450261775	
1.4451326206513049	0.0	0.85099699535646	0.14900300464354	0.8099476439790576	0.1900523560209424	
1.5079644737231008	0.0	0.8527724665391969	0.14722753346080308	0.7959424083769634	0.2040575916230366	
1.5707963267948968	0.0	0.8411636164982246	0.15883638350177542	0.7979057591623037	0.20209424083769634	
1.6336281798666925	0.0	0.8385686970773013	0.1614313029226987	0.7914921465968586	0.20850785340314137	
1.6964600329384885	0.0	0.8429390876809615	0.15706091231903851	0.7926701570680629	0.20732984293193712	
1.7592918860102844	0.0	0.8529090412455613	0.14709095875443867	0.7840314136125655	0.21596858638743455	
1.8221237390820801	0.0	0.840617317672767	0.15938268232723296	0.7857329842931937	0.21426701570680629	
1.884955592153876	0.0	0.844168260038241	0.15583173996175903	0.7882198952879581	0.2117801047120419	
1.9477874452256718	0.0	0.8445779841573341	0.1554220158426659	0.7816753926701571	0.21832460732984293	
2.0106192982974678	0.0	0.8497678229991805	0.15023217700081948	0.7742146596858639	0.2257853403141361	
2.0734511513692637	0.0	0.8565965583173997	0.14340344168260033	0.7778795811518324	0.22212041884816758	
2.1362830044410597	0.0	0.8587817536192297	0.1412182463807703	0.7787958115183246	0.22120418848167545	
2.199114857512855	0.0	0.862469270691068	0.13753072930893195	0.7823298429319372	0.2176701570680628	
2.261946710584651	0.0	0.8687517071838295	0.13124829281617045	0.7883507853403141	0.2116492146596859	
2.324778563656447	0.0	0.8738049713193117	0.12619502868068833	0.8009162303664922	0.19908376963350782	
2.387610416728243	0.0	0.8798142583993445	0.12018574160065554	0.7984293193717278	0.20157068062827221	
2.450442269800039	0.0	0.8925157060912319	0.10748429390876812	0.7958115183246073	0.20418848167539272	
2.5132741228718345	0.0	0.8962032231630702	0.10379677683692978	0.8092931937172775	0.19070680628272252	
2.5761059759436304	0.0	0.8992078667030866	0.10079213329691339	0.8064136125654451	0.19358638743455492	
2.6389378290154264	0.0	0.9128653373395247	0.08713466266047531	0.8183246073298429	0.1816753926701571	
2.7017696820872223	0.0	0.9145042338158973	0.0854957661841027	0.8285340314136126	0.1714659685863874	
2.7646015351590183	0.0	0.919420923245015	0.08057907675498499	0.8291884816753927	0.17081151832460728	
2.8274333882308142	0.0	0.9278885550396067	0.07211144496039334	0.8388743455497382	0.16112565445026183	
2.8902652413026098	0.0	0.9351270144769189	0.06487298552308107	0.8435863874345549	0.15641361256544506	
2.9530970943744057	0.0	0.9411363015569516	0.058863698443048396	0.8481675392670157	0.1518324607329843	
3.0159289474462017	0.0	0.9435946462715105	0.05640535372848954	0.8569371727748691	0.14306282722513086	
3.0787608005179976	0.0	0.9523354274788309	0.04766457252116907	0.8604712041884817	0.13952879581151834	
3.1415926535897936	0.0	0.955613220431576	0.04438677956842396	0.868455497382199	0.13154450261780104	
3.204424506661589	0.0	0.9542474733679323	0.04575252663206775	0.8704188481675392	0.12958115183246077	
3.267256359733385	0.0	0.9586178639715924	0.04138213602840757	0.8704188481675392	0.12958115183246077	
3.330088212805181	0.0	0.9530183010106529	0.04698169898934712	0.8759162303664921	0.12408376963350787	
3.392920065876977	0.0	0.9623053810434308	0.037694618956569226	0.8719895287958115	0.12801047120418851	
3.455751918948773	0.0	0.9543840480742967	0.045615951925703335	0.881675392670157	0.11832460732984296	
3.518583772020569	0.0	0.9517891286533734	0.048210871346626605	0.8759162303664921	0.12408376963350787	
3.5814156250923643	0.0	0.9538377492488391	0.04616225075116087	0.8790575916230366	0.12094240837696335	
3.6442474781641603	0.0	0.9468724392242557	0.05312756077574432	0.8774869109947644	0.12251308900523561	
3.7070793312359562	0.0	0.9411363015569516	0.058863698443048396	0.8734293193717277	0.12657068062827226	
3.769911184307752	0.0	0.9287080032777929	0.0712919967222071	0.874869109947644	0.125130890052356	
3.832743037379548	0.0	0.9329418191750888	0.06705818082491122	0.8659685863874346	0.13403141361256543	
3.8955748904513436	0.0	0.9196940726577438	0.08030592734225617	0.8651832460732984	0.13481675392670156	
3.9584067435231396	0.0	0.9209232450150232	0.0790767549849768	0.8604712041884817	0.13952879581151834	
4.0212385965949355	0.0	0.910816716744059	0.08918328325594105	0.8676701570680628	0.13232984293193717	
4.084070449666731	0.0	0.8941546025676045	0.10584539743239552	0.8530104712041885	0.1469895287958115	
4.1469023027385274	0.0	0.8893744878448512	0.11062551215514882	0.8511780104712042	0.14882198952879577	
4.209734155810323	0.0	0.882545752526632	0.11745424747336797	0.8409685863874345	0.15903141361256545	
4.272566008882119	0.0	0.8859601201857416	0.11403987981425845	0.8301047120418849	0.16989528795811515	
4.335397861953915	0.0	0.8724392242556679	0.1275607757443321	0.8276178010471205	0.17238219895287954	
4.39822971502571	0.0	0.8690248565965584	0.13097514340344163	0.831544502617801	0.168455497382199	
4.461061568097507	0.0	0.8572794318492215	0.1427205681507785	0.8163612565445026	0.18363874345549736	
4.523893421169302	0.0	0.8563234089046708	0.14367659109532915	0.8163612565445026	0.18363874345549736	
4.586725274241099	0.0	0.8433488118000546	0.1566511881999454	0.8074607329842932	0.19253926701570678	
4.649557127312894	0.0	0.8444414094509697	0.15555859054903032	0.8065445026178011	0.19345549738219892	
4.71238898038469	0.0	0.7846914865920334	0.21530851340796664	0.8044431866421395	0.19555681335786046	
4.775220833456486	0.0	0.7836500911221036	0.2163499088778964	0.7955285128059997	0.20447148719400032	
4.838052686528282	0.0	0.789377766206717	0.21062223379328304	0.7853403141361257	0.2146596858638743	
4.900884539600078	0.0	0.7850820098932569	0.21491799010674306	0.7911419272675817	0.2088580727324183	
4.9637163926718735	0.0	0.7919812548815413	0.20801874511845875	0.7919909438234045	0.20800905617659549	
5.026548245743669	0.0	0.7888570684717522	0.2111429315282478	0.7877458610442903	0.21225413895570966	
5.089380098815465	0.0	0.7862535797969279	0.2137464202030721	0.7949625017687845	0.20503749823121553	
5.152211951887261	0.0	0.7957563134600365	0.2042436865399635	0.79963209282581	0.20036790717418995	
5.215043804959057	0.0	0.8023952095808383	0.19760479041916168	0.788736380359417	0.21126361964058304	
5.277875658030853	0.0	0.8141109086175475	0.18588909138245246	0.7993490873072024	0.20065091269279756	
5.340707511102649	0.0	0.8174954438948191	0.1825045561051809	0.7956700155653035	0.20432998443469652	
5.403539364174445	0.0	0.8155428273887009	0.18445717261129913	0.8127918494410641	0.18720815055893592	
5.46637121724624	0.0	0.8259567820879979	0.17404321791200206	0.8112353190887223	0.18876468091127774	
5.529203070318037	0.0	0.8234834678469148	0.17651653215308516	0.8149143908306212	0.18508560916937877	
5.592034923389832	0.0	0.8440510283780266	0.1559489716219734	0.8280741474458752	0.17192585255412485	
5.6548667764616285	0.0	0.8479562613902629	0.15204373860973708	0.832602235743597	0.16739776425640296	
5.717698629533424	0.0	0.855896901848477	0.144103098151523	0.8327437385029008	0.16725626149709916	
5.7805304826052195	0.0	0.8534235876073939	0.1465764123926061	0.8403848875053064	0.15961511249469362	
5.843362335677016	0.0	0.8698255662587868	0.13017443374121318	0.8456204895995472	0.15437951040045284	
5.906194188748811	0.0	0.8729497526685759	0.12705024733142412	0.858214235177586	0.141785764822414	
5.969026041820608	0.0	0.8709971361624577	0.12900286383754234	0.8674119145323334	0.13258808546766665	
6.031857894892403	0.0	0.877896381150742	0.12210361884925802	0.8616103014008774	0.13838969859912265	
6.094689747964199	0.0	0.8713876594636814	0.12861234053631865	0.8749115607754351	0.12508843922456492	
6.157521601035995	0.0	0.8863577193439208	0.11364228065607918	0.8805716711475874	0.11942832885241261	
6.220353454107791	0.0	0.8862275449101796	0.11377245508982037	0.8811376821848026	0.1188623178151974	
