0.0	0.0	0.864013671875	0.135986328125	0.8651123046875	0.1348876953125	
0.06283185307179587	0.0	0.8634033203125	0.1365966796875	0.8665771484375	0.1334228515625	
0.12566370614359174	0.0	0.8577880859375	0.1422119140625	0.8690185546875	0.1309814453125	
0.1884955592153876	0.0	0.864990234375	0.135009765625	0.8677978515625	0.1322021484375	
0.25132741228718347	0.0	0.864990234375	0.135009765625	0.8646240234375	0.1353759765625	
0.3141592653589793	0.0	0.86328125	0.13671875	0.8609619140625	0.1390380859375	
0.3769911184307752	0.0	0.8741455078125	0.1258544921875	0.860595703125	0.139404296875	
0.4398229715025711	0.0	0.867919921875	0.132080078125	0.860107421875	0.139892578125	
0.5026548245743669	0.0	0.8538818359375	0.1461181640625	0.85986328125	0.14013671875	
0.5654866776461628	0.0	0.86572265625	0.13427734375	0.85107421875	0.14892578125	
0.6283185307179586	0.0	0.8544921875	0.1455078125	0.849609375	0.150390625	
0.6911503837897546	0.0	0.8450927734375	0.1549072265625	0.851806640625	0.148193359375	
0.7539822368615504	0.0	0.843017578125	0.156982421875	0.8409423828125	0.1590576171875	
0.8168140899333463	0.0	0.8463134765625	0.1536865234375	0.8367919921875	0.1632080078125	
0.8796459430051422	0.0	0.8314208984375	0.1685791015625	0.8388671875	0.1611328125	
0.942477796076938	0.0	0.8331298828125	0.1668701171875	0.833984375	0.166015625	
1.0053096491487339	0.0	0.8297119140625	0.1702880859375	0.8243408203125	0.1756591796875	
1.0681415022205298	0.0	0.8211669921875	0.1788330078125	0.8165283203125	0.1834716796875	
1.1309733552923256	0.0	0.81591796875	0.18408203125	0.8167724609375	0.1832275390625	
1.1938052083641215	0.0	0.802734375	0.197265625	0.8157958984375	0.1842041015625	
1.2566370614359172	0.0	0.803955078125	0.196044921875	0.814453125	0.185546875	
1.3194689145077132	0.0	0.807861328125	0.192138671875	0.8018798828125	0.1981201171875	
1.3823007675795091	0.0	0.79345703125	0.20654296875	0.8038330078125	0.1961669921875	
1.4451326206513049	0.0	0.7984619140625	0.2015380859375	0.805908203125	0.194091796875	
1.5079644737231008	0.0	0.803466796875	0.196533203125	0.8055419921875	0.1944580078125	
1.5707963267948968	0.0	0.7882080078125	0.2117919921875	0.802734375	0.197265625	
1.6336281798666925	0.0	0.8038330078125	0.1961669921875	0.8023681640625	0.1976318359375	
1.6964600329384885	0.0	0.7950439453125	0.2049560546875	0.8065185546875	0.1934814453125	
1.7592918860102844	0.0	0.796142578125	0.203857421875	0.80712890625	0.19287109375	
1.8221237390820801	0.0	0.795654296875	0.204345703125	0.8055419921875	0.1944580078125	
1.884955592153876	0.0	0.7906494140625	0.2093505859375	0.8040771484375	0.1959228515625	
1.9477874452256718	0.0	0.8028564453125	0.1971435546875	0.8111572265625	0.1888427734375	
2.0106192982974678	0.0	0.80029296875	0.19970703125	0.79833984375	0.20166015625	
2.0734511513692637	0.0	0.805419921875	0.194580078125	0.8160400390625	0.1839599609375	
2.1362830044410597	0.0	0.8070068359375	0.1929931640625	0.8118896484375	0.1881103515625	
2.199114857512855	0.0	0.810546875	0.189453125	0.8099365234375	0.1900634765625	
2.261946710584651	0.0	0.8057861328125	0.1942138671875	0.811767578125	0.188232421875	
2.324778563656447	0.0	0.8134765625	0.1865234375	0.8206787109375	0.1793212890625	
2.387610416728243	0.0	0.8179931640625	0.1820068359375	0.8193359375	0.1806640625	
2.450442269800039	0.0	0.819091796875	0.180908203125	0.828857421875	0.171142578125	
2.5132741228718345	0.0	0.8255615234375	0.1744384765625	0.8258056640625	0.1741943359375	
2.5761059759436304	0.0	0.8223876953125	0.1776123046875	0.8333740234375	0.1666259765625	
2.6389378290154264	0.0	0.827880859375	0.172119140625	0.833984375	0.166015625	
2.7017696820872223	0.0	0.82958984375	0.17041015625	0.8350830078125	0.1649169921875	
2.7646015351590183	0.0	0.8350830078125	0.1649169921875	0.84228515625	0.15771484375	
2.8274333882308142	0.0	0.8330078125	0.1669921875	0.841064453125	0.158935546875	
2.8902652413026098	0.0	0.8345947265625	0.1654052734375	0.84521484375	0.15478515625	
2.9530970943744057	0.0	0.8311767578125	0.1688232421875	0.8367919921875	0.1632080078125	
3.0159289474462017	0.0	0.8348388671875	0.1651611328125	0.843017578125	0.156982421875	
3.0787608005179976	0.0	0.83740234375	0.16259765625	0.84619140625	0.15380859375	
3.1415926535897936	0.0	0.84033203125	0.15966796875	0.840087890625	0.159912109375	
3.204424506661589	0.0	0.8468017578125	0.1531982421875	0.850341796875	0.149658203125	
3.267256359733385	0.0	0.8369140625	0.1630859375	0.843505859375	0.156494140625	
3.330088212805181	0.0	0.841064453125	0.158935546875	0.839111328125	0.160888671875	
3.392920065876977	0.0	0.8350830078125	0.1649169921875	0.83642578125	0.16357421875	
3.455751918948773	0.0	0.8349609375	0.1650390625	0.8399658203125	0.1600341796875	
3.518583772020569	0.0	0.838623046875	0.161376953125	0.834716796875	0.165283203125	
3.5814156250923643	0.0	0.8310546875	0.1689453125	0.821533203125	0.178466796875	
3.6442474781641603	0.0	0.830810546875	0.169189453125	0.8316650390625	0.1683349609375	
3.7070793312359562	0.0	0.825439453125	0.174560546875	0.8248291015625	0.1751708984375	
3.769911184307752	0.0	0.827392578125	0.172607421875	0.828125	0.171875	
3.832743037379548	0.0	0.8250732421875	0.1749267578125	0.826416015625	0.173583984375	
3.8955748904513436	0.0	0.827392578125	0.172607421875	0.81494140625	0.18505859375	
3.9584067435231396	0.0	0.8133544921875	0.1866455078125	0.814453125	0.185546875	
4.0212385965949355	0.0	0.8211669921875	0.1788330078125	0.805908203125	0.194091796875	
4.084070449666731	0.0	0.8056640625	0.1943359375	0.8067626953125	0.1932373046875	
4.1469023027385274	0.0	0.8126220703125	0.1873779296875	0.804443359375	0.195556640625	
4.209734155810323	0.0	0.8076171875	0.1923828125	0.803466796875	0.196533203125	
4.272566008882119	0.0	0.8092041015625	0.1907958984375	0.7999267578125	0.2000732421875	
4.335397861953915	0.0	0.7943115234375	0.2056884765625	0.7906494140625	0.2093505859375	
4.39822971502571	0.0	0.79638671875	0.20361328125	0.7987060546875	0.2012939453125	
4.461061568097507	0.0	0.7889404296875	0.2110595703125	0.7928466796875	0.2071533203125	
4.523893421169302	0.0	0.7974853515625	0.2025146484375	0.7857666015625	0.2142333984375	
4.586725274241099	0.0	0.796630859375	0.203369140625	0.7896728515625	0.2103271484375	
4.649557127312894	0.0	0.7908935546875	0.2091064453125	0.7825927734375	0.2174072265625	
4.71238898038469	0.0	0.7818603515625	0.2181396484375	0.7799072265625	0.2200927734375	
4.775220833456486	0.0	0.7823486328125	0.2176513671875	0.7864990234375	0.2135009765625	
4.838052686528282	0.0	0.7840576171875	0.2159423828125	0.7880859375	0.2119140625	
4.900884539600078	0.0	0.7830810546875	0.2169189453125	0.791748046875	0.208251953125	
4.9637163926718735	0.0	0.7950439453125	0.2049560546875	0.7958984375	0.2041015625	
5.026548245743669	0.0	0.7935791015625	0.2064208984375	0.797119140625	0.202880859375	
5.089380098815465	0.0	0.7957763671875	0.2042236328125	0.80029296875	0.19970703125	
5.152211951887261	0.0	0.8038330078125	0.1961669921875	0.802978515625	0.197021484375	
5.215043804959057	0.0	0.805419921875	0.194580078125	0.806640625	0.193359375	
5.277875658030853	0.0	0.8079833984375	0.1920166015625	0.8009033203125	0.1990966796875	
5.340707511102649	0.0	0.8134765625	0.1865234375	0.8123779296875	0.1876220703125	
5.403539364174445	0.0	0.8133544921875	0.1866455078125	0.8184814453125	0.1815185546875	
5.46637121724624	0.0	0.8126220703125	0.1873779296875	0.8304443359375	0.1695556640625	
5.529203070318037	0.0	0.829833984375	0.170166015625	0.83349609375	0.16650390625	
5.592034923389832	0.0	0.8331298828125	0.1668701171875	0.833740234375	0.166259765625	
5.6548667764616285	0.0	0.83740234375	0.16259765625	0.8431396484375	0.1568603515625	
5.717698629533424	0.0	0.833740234375	0.166259765625	0.8240966796875	0.1759033203125	
5.7805304826052195	0.0	0.8487548828125	0.1512451171875	0.840576171875	0.159423828125	
5.843362335677016	0.0	0.837158203125	0.162841796875	0.849853515625	0.150146484375	
5.906194188748811	0.0	0.8472900390625	0.1527099609375	0.8482666015625	0.1517333984375	
5.969026041820608	0.0	0.855712890625	0.144287109375	0.85107421875	0.14892578125	
6.031857894892403	0.0	0.8616943359375	0.1383056640625	0.855712890625	0.144287109375	
6.094689747964199	0.0	0.849609375	0.150390625	0.8533935546875	0.1466064453125	
6.157521601035995	0.0	0.859619140625	0.140380859375	0.861572265625	0.138427734375	
6.220353454107791	0.0	0.8653564453125	0.1346435546875	0.864990234375	0.135009765625	
