0.0	0.0	0.8800163243096177	0.11998367569038226	0.8702454815214459	0.12975451847855413	
0.06283185307179587	0.0	0.8793361447422119	0.12066385525778811	0.8718640410035069	0.1281359589964931	
0.12566370614359174	0.0	0.8730784927220786	0.1269215072779214	0.8745616401402752	0.12543835985972485	
0.1884955592153876	0.0	0.881104611617467	0.118895388382533	0.873212840571891	0.12678715942810903	
0.25132741228718347	0.0	0.881104611617467	0.118895388382533	0.8697059616940923	0.1302940383059077	
0.3141592653589793	0.0	0.8792001088287308	0.12079989117126921	0.8656595629889399	0.13434043701106013	
0.3769911184307752	0.0	0.8913073051285539	0.10869269487144606	0.8652549231184246	0.13474507688157544	
0.4398229715025711	0.0	0.8843694735410148	0.1156305264589852	0.864715403291071	0.135284596708929	
0.5026548245743669	0.0	0.8687253434906815	0.13127465650931847	0.8644456433773942	0.13555435662260584	
0.5654866776461628	0.0	0.881920827098354	0.11807917290164605	0.8547342864850284	0.14526571351497164	
0.6283185307179586	0.0	0.8694055230580874	0.13059447694191262	0.8531157270029673	0.14688427299703266	
0.6911503837897546	0.0	0.8589307577200381	0.14106924227996187	0.8555435662260588	0.14445643377394124	
0.7539822368615504	0.0	0.8566181471908584	0.14338185280914162	0.84353925006744	0.15646074993255998	
0.8168140899333463	0.0	0.8602911168548497	0.1397088831451503	0.8389533315349339	0.1610466684650661	
0.8796459430051422	0.0	0.8436947354101483	0.15630526458985172	0.841246290801187	0.15875370919881304	
0.942477796076938	0.0	0.8455992381988845	0.1544007618011155	0.8358510925276504	0.16414890747234956	
1.0053096491487339	0.0	0.8417902326214121	0.15820976737858794	0.8251955759374157	0.17480442406258434	
1.0681415022205298	0.0	0.832267718677731	0.16773228132226903	0.8165632586997572	0.1834367413002428	
1.1309733552923256	0.0	0.8264181743980411	0.1735818256019589	0.816833018613434	0.18316698138656595	
1.1938052083641215	0.0	0.8117262957420759	0.1882737042579241	0.8157539789587267	0.1842460210412733	
1.2566370614359172	0.0	0.8130866548768875	0.18691334512311253	0.8142702994335042	0.18572970056649585	
1.3194689145077132	0.0	0.8174398041082845	0.18256019589171546	0.8003776638791475	0.19962233612085245	
1.3823007675795091	0.0	0.8013875663175078	0.19861243368249215	0.8025357431885621	0.19746425681143787	
1.4451326206513049	0.0	0.8069650387702353	0.1930349612297647	0.8048287024548152	0.1951712975451848	
1.5079644737231008	0.0	0.8125425112229628	0.18745748877703716	0.8044240625843	0.1955759374157	
1.5707963267948968	0.0	0.795538022037818	0.20446197796218202	0.8013218235770164	0.19867817642298358	
1.6336281798666925	0.0	0.8129506189634064	0.18704938103659363	0.8009171837065012	0.19908281629349878	
1.6964600329384885	0.0	0.8031560331927629	0.19684396680723715	0.8055031022390072	0.19449689776099277	
1.7592918860102844	0.0	0.8043803564140933	0.19561964358590667	0.8061775020231994	0.19382249797680062	
1.8221237390820801	0.0	0.8038362127601687	0.1961637872398313	0.8044240625843	0.1955759374157	
1.884955592153876	0.0	0.7982587403074412	0.20174125969255885	0.802805503102239	0.19719449689776103	
1.9477874452256718	0.0	0.8118623316555571	0.1881376683444429	0.810628540598867	0.18937145940113298	
2.0106192982974678	0.0	0.8090055774724527	0.19099442252754728	0.7964661451308336	0.20353385486916642	
2.0734511513692637	0.0	0.8147190858386614	0.18528091416133863	0.8160237388724035	0.18397626112759646	
2.1362830044410597	0.0	0.8164875527139165	0.1835124472860835	0.8114378203398975	0.18856217966010247	
2.199114857512855	0.0	0.8204325942048701	0.17956740579512986	0.8092797410304828	0.19072025896951716	
2.261946710584651	0.0	0.8151271935791049	0.1848728064208951	0.8113029403830591	0.18869705961694094	
2.324778563656447	0.0	0.8236974561284179	0.17630254387158206	0.8211491772322633	0.17885082276773667	
2.387610416728243	0.0	0.8287307849272207	0.17126921507277926	0.8196654977070408	0.18033450229295922	
2.450442269800039	0.0	0.8299551081485512	0.17004489185144878	0.830186134340437	0.16981386565956302	
2.5132741228718345	0.0	0.8371650115630527	0.16283498843694733	0.8268141354194767	0.17318586458052332	
2.5761059759436304	0.0	0.8336280778125426	0.16637192218745744	0.8351766927434583	0.1648233072565417	
2.6389378290154264	0.0	0.8397496939191946	0.16025030608080537	0.8358510925276504	0.16414890747234956	
2.7017696820872223	0.0	0.8416541967079308	0.15834580329206915	0.8370650121391962	0.16293498786080385	
2.7646015351590183	0.0	0.847775812814583	0.15222418718541697	0.8450229295926626	0.15497707040733744	
2.8274333882308142	0.0	0.8454632022854034	0.1545367977145966	0.8436741300242784	0.15632586997572162	
2.8902652413026098	0.0	0.8472316691606584	0.1527683308393416	0.8482600485567845	0.1517399514432155	
2.9530970943744057	0.0	0.843422663583186	0.15657733641681404	0.8389533315349339	0.1610466684650661	
3.0159289474462017	0.0	0.8475037409876207	0.1524962590123793	0.845832209333693	0.15416779066630704	
3.0787608005179976	0.0	0.8503604951707251	0.1496395048292749	0.8493390882114917	0.15066091178850827	
3.1415926535897936	0.0	0.8536253570942729	0.1463746429057271	0.842595090369571	0.15740490963042897	
3.204424506661589	0.0	0.8608352605087743	0.13916473949122565	0.8539250067439978	0.14607499325600215	
3.267256359733385	0.0	0.8498163515168005	0.15018364848319954	0.8463717291610466	0.15362827083895336	
3.330088212805181	0.0	0.8544415725751598	0.14555842742484015	0.8415160507148638	0.1584839492851362	
3.392920065876977	0.0	0.847775812814583	0.15222418718541697	0.8385486916644187	0.1614513083355813	
3.455751918948773	0.0	0.8476397769011019	0.15236022309889807	0.8424602104127327	0.15753978958726733	
3.518583772020569	0.0	0.8517208543055367	0.14827914569446332	0.8366603722686808	0.16333962773131916	
3.5814156250923643	0.0	0.8432866276697047	0.15671337233029525	0.8220933369301322	0.1779066630698678	
3.6442474781641603	0.0	0.8430145558427424	0.15698544415725757	0.8332883733477205	0.16671162665227945	
3.7070793312359562	0.0	0.8370289756495715	0.16297102435042854	0.8257350957647693	0.17426490423523067	
3.769911184307752	0.0	0.83920555026527	0.16079444973473	0.8293768545994066	0.17062314540059342	
3.832743037379548	0.0	0.836620867909128	0.16337913209087196	0.8274885352036687	0.17251146479633128	
3.8955748904513436	0.0	0.83920555026527	0.16079444973473	0.8148098192608578	0.18519018073914217	
3.9584067435231396	0.0	0.8235614202149367	0.17643857978506328	0.8142702994335042	0.18572970056649585	
4.0212385965949355	0.0	0.832267718677731	0.16773228132226903	0.8048287024548152	0.1951712975451848	
4.084070449666731	0.0	0.8149911576656237	0.1850088423343763	0.8057728621526841	0.19422713784731593	
4.1469023027385274	0.0	0.8227452047340498	0.17725479526595023	0.8032101429727543	0.19678985702724572	
4.209734155810323	0.0	0.8171677322813222	0.18283226771867778	0.8021311033180469	0.19786889668195307	
4.272566008882119	0.0	0.8189361991565773	0.18106380084342266	0.798219584569733	0.20178041543026703	
4.335397861953915	0.0	0.8023398177118759	0.1976601822881241	0.7879687078500135	0.2120312921499865	
4.39822971502571	0.0	0.8046524282410557	0.19534757175894435	0.7968707850013488	0.20312921499865122	
4.461061568097507	0.0	0.7963542375187049	0.20364576248129507	0.7903965470731049	0.20960345292689508	
4.523893421169302	0.0	0.805876751462386	0.19412324853761398	0.782573509576477	0.21742649042352302	
4.586725274241099	0.0	0.804924500068018	0.19507549993198203	0.7868896681953061	0.21311033180469385	
4.649557127312894	0.0	0.7985308121344035	0.20146918786559653	0.7790666306986782	0.2209333693013218	
4.71238898038469	0.0	0.7883834281072299	0.21161657189277006	0.776742301458671	0.22325769854132904	
4.775220833456486	0.0	0.788924993230436	0.21107500676956403	0.784035656401945	0.21596434359805505	
4.838052686528282	0.0	0.7908204711616572	0.2091795288383428	0.7857914640734738	0.21420853592652622	
4.900884539600078	0.0	0.7897373409152451	0.21026265908475494	0.7898433279308482	0.21015667206915178	
4.9637163926718735	0.0	0.8030056864337937	0.19699431356620634	0.7944354403025392	0.2055645596974608	
5.026548245743669	0.0	0.8013809910641755	0.19861900893582451	0.7957860615883307	0.20421393841166935	
5.089380098815465	0.0	0.8038180341186028	0.19618196588139725	0.7992976769313884	0.20070232306861158	
5.152211951887261	0.0	0.8127538586515028	0.18724614134849715	0.8022690437601296	0.19773095623987036	
5.215043804959057	0.0	0.8145139453019226	0.18548605469807744	0.8063209076175041	0.19367909238249592	
5.277875658030853	0.0	0.8173571621987544	0.18264283780124557	0.7999729875742841	0.20002701242571586	
5.340707511102649	0.0	0.8234497698348227	0.17655023016517735	0.8126688276607239	0.1873311723392761	
5.403539364174445	0.0	0.8233143785540211	0.17668562144597888	0.8194219340896812	0.18057806591031877	
5.46637121724624	0.0	0.822502030869212	0.17749796913078797	0.8326580226904376	0.16734197730956235	
5.529203070318037	0.0	0.8415922014622258	0.1584077985377742	0.8360345759049163	0.16396542409508374	
5.592034923389832	0.0	0.8452477660438668	0.15475223395613324	0.8363047001620746	0.1636952998379254	
5.6548667764616285	0.0	0.8499864608719199	0.15001353912808013	0.8467044840626688	0.15329551593733115	
5.717698629533424	0.0	0.8459247224478743	0.1540752775521257	0.825634792004322	0.174365207995678	
5.7805304826052195	0.0	0.8625778499864609	0.13742215001353908	0.8438681793625068	0.1561318206374932	
5.843362335677016	0.0	0.8497156783103168	0.1502843216896832	0.8541329011345219	0.1458670988654781	
5.906194188748811	0.0	0.8609531546168426	0.13904684538315737	0.852377093462993	0.14762290653700705	
5.969026041820608	0.0	0.8702951529921473	0.12970484700785267	0.8554835224203133	0.14451647757968666	
6.031857894892403	0.0	0.8769293257514216	0.12307067424857843	0.8606158833063209	0.13938411669367912	
6.094689747964199	0.0	0.8635255889520714	0.13647441104792857	0.8580497028633172	0.14195029713668283	
6.157521601035995	0.0	0.8746276739777958	0.12537232602220416	0.86709886547812	0.13290113452188002	
6.220353454107791	0.0	0.8809910641754671	0.11900893582453287	0.8708806050783361	0.1291193949216639	
