0.0	0.0	0.8272705078125	0.1727294921875	0.8790283203125	0.1209716796875	
0.06283185307179587	0.0	0.8348388671875	0.1651611328125	0.874267578125	0.125732421875	
0.12566370614359174	0.0	0.8414306640625	0.1585693359375	0.880859375	0.119140625	
0.1884955592153876	0.0	0.83935546875	0.16064453125	0.8857421875	0.1142578125	
0.25132741228718347	0.0	0.8388671875	0.1611328125	0.883544921875	0.116455078125	
0.3141592653589793	0.0	0.83642578125	0.16357421875	0.8812255859375	0.1187744140625	
0.3769911184307752	0.0	0.8453369140625	0.1546630859375	0.8817138671875	0.1182861328125	
0.4398229715025711	0.0	0.8345947265625	0.1654052734375	0.878662109375	0.121337890625	
0.5026548245743669	0.0	0.8494873046875	0.1505126953125	0.8880615234375	0.1119384765625	
0.5654866776461628	0.0	0.833984375	0.166015625	0.885986328125	0.114013671875	
0.6283185307179586	0.0	0.8310546875	0.1689453125	0.8802490234375	0.1197509765625	
0.6911503837897546	0.0	0.8228759765625	0.1771240234375	0.8831787109375	0.1168212890625	
0.7539822368615504	0.0	0.82275390625	0.17724609375	0.8721923828125	0.1278076171875	
0.8168140899333463	0.0	0.8179931640625	0.1820068359375	0.871337890625	0.128662109375	
0.8796459430051422	0.0	0.814697265625	0.185302734375	0.8712158203125	0.1287841796875	
0.942477796076938	0.0	0.81640625	0.18359375	0.8665771484375	0.1334228515625	
1.0053096491487339	0.0	0.8135986328125	0.1864013671875	0.8653564453125	0.1346435546875	
1.0681415022205298	0.0	0.79931640625	0.20068359375	0.86328125	0.13671875	
1.1309733552923256	0.0	0.8079833984375	0.1920166015625	0.8621826171875	0.1378173828125	
1.1938052083641215	0.0	0.8060302734375	0.1939697265625	0.86865234375	0.13134765625	
1.2566370614359172	0.0	0.8006591796875	0.1993408203125	0.8621826171875	0.1378173828125	
1.3194689145077132	0.0	0.795166015625	0.204833984375	0.86279296875	0.13720703125	
1.3823007675795091	0.0	0.7918701171875	0.2081298828125	0.86181640625	0.13818359375	
1.4451326206513049	0.0	0.7857666015625	0.2142333984375	0.8651123046875	0.1348876953125	
1.5079644737231008	0.0	0.7891845703125	0.2108154296875	0.862060546875	0.137939453125	
1.5707963267948968	0.0	0.787353515625	0.212646484375	0.86962890625	0.13037109375	
1.6336281798666925	0.0	0.781982421875	0.218017578125	0.857177734375	0.142822265625	
1.6964600329384885	0.0	0.794921875	0.205078125	0.867431640625	0.132568359375	
1.7592918860102844	0.0	0.7916259765625	0.2083740234375	0.8675537109375	0.1324462890625	
1.8221237390820801	0.0	0.7940673828125	0.2059326171875	0.8663330078125	0.1336669921875	
1.884955592153876	0.0	0.7938232421875	0.2061767578125	0.8751220703125	0.1248779296875	
1.9477874452256718	0.0	0.800537109375	0.199462890625	0.87353515625	0.12646484375	
2.0106192982974678	0.0	0.7957763671875	0.2042236328125	0.8785400390625	0.1214599609375	
2.0734511513692637	0.0	0.8001708984375	0.1998291015625	0.875	0.125	
2.1362830044410597	0.0	0.8048095703125	0.1951904296875	0.877197265625	0.122802734375	
2.199114857512855	0.0	0.8065185546875	0.1934814453125	0.876220703125	0.123779296875	
2.261946710584651	0.0	0.8145751953125	0.1854248046875	0.881103515625	0.118896484375	
2.324778563656447	0.0	0.8173828125	0.1826171875	0.8863525390625	0.1136474609375	
2.387610416728243	0.0	0.8193359375	0.1806640625	0.885009765625	0.114990234375	
2.450442269800039	0.0	0.8179931640625	0.1820068359375	0.8897705078125	0.1102294921875	
2.5132741228718345	0.0	0.824951171875	0.175048828125	0.884033203125	0.115966796875	
2.5761059759436304	0.0	0.8294677734375	0.1705322265625	0.891845703125	0.108154296875	
2.6389378290154264	0.0	0.8267822265625	0.1732177734375	0.8885498046875	0.1114501953125	
2.7017696820872223	0.0	0.8287353515625	0.1712646484375	0.8936767578125	0.1063232421875	
2.7646015351590183	0.0	0.836181640625	0.163818359375	0.8978271484375	0.1021728515625	
2.8274333882308142	0.0	0.829345703125	0.170654296875	0.8973388671875	0.1026611328125	
2.8902652413026098	0.0	0.8316650390625	0.1683349609375	0.8961181640625	0.1038818359375	
2.9530970943744057	0.0	0.8370361328125	0.1629638671875	0.88916015625	0.11083984375	
3.0159289474462017	0.0	0.8359375	0.1640625	0.8931884765625	0.1068115234375	
3.0787608005179976	0.0	0.8343505859375	0.1656494140625	0.8944091796875	0.1055908203125	
3.1415926535897936	0.0	0.8380126953125	0.1619873046875	0.8917236328125	0.1082763671875	
3.204424506661589	0.0	0.8409423828125	0.1590576171875	0.89501953125	0.10498046875	
3.267256359733385	0.0	0.8367919921875	0.1632080078125	0.89111328125	0.10888671875	
3.330088212805181	0.0	0.835205078125	0.164794921875	0.89208984375	0.10791015625	
3.392920065876977	0.0	0.8341064453125	0.1658935546875	0.8800048828125	0.1199951171875	
3.455751918948773	0.0	0.8310546875	0.1689453125	0.8814697265625	0.1185302734375	
3.518583772020569	0.0	0.8223876953125	0.1776123046875	0.880859375	0.119140625	
3.5814156250923643	0.0	0.8297119140625	0.1702880859375	0.8760986328125	0.1239013671875	
3.6442474781641603	0.0	0.81494140625	0.18505859375	0.8701171875	0.1298828125	
3.7070793312359562	0.0	0.8155517578125	0.1844482421875	0.8656005859375	0.1343994140625	
3.769911184307752	0.0	0.8092041015625	0.1907958984375	0.8665771484375	0.1334228515625	
3.832743037379548	0.0	0.8148193359375	0.1851806640625	0.8594970703125	0.1405029296875	
3.8955748904513436	0.0	0.80712890625	0.19287109375	0.859375	0.140625	
3.9584067435231396	0.0	0.808349609375	0.191650390625	0.8582763671875	0.1417236328125	
4.0212385965949355	0.0	0.7974853515625	0.2025146484375	0.8511962890625	0.1488037109375	
4.084070449666731	0.0	0.8026123046875	0.1973876953125	0.856689453125	0.143310546875	
4.1469023027385274	0.0	0.794677734375	0.205322265625	0.8455810546875	0.1544189453125	
4.209734155810323	0.0	0.8018798828125	0.1981201171875	0.846923828125	0.153076171875	
4.272566008882119	0.0	0.802001953125	0.197998046875	0.839111328125	0.160888671875	
4.335397861953915	0.0	0.791015625	0.208984375	0.842529296875	0.157470703125	
4.39822971502571	0.0	0.7996826171875	0.2003173828125	0.84765625	0.15234375	
4.461061568097507	0.0	0.790283203125	0.209716796875	0.827880859375	0.172119140625	
4.523893421169302	0.0	0.793212890625	0.206787109375	0.8321533203125	0.1678466796875	
4.586725274241099	0.0	0.7822265625	0.2177734375	0.83056640625	0.16943359375	
4.649557127312894	0.0	0.7899169921875	0.2100830078125	0.8316650390625	0.1683349609375	
4.71238898038469	0.0	0.789306640625	0.210693359375	0.839111328125	0.160888671875	
4.775220833456486	0.0	0.7845458984375	0.2154541015625	0.8343505859375	0.1656494140625	
4.838052686528282	0.0	0.7884521484375	0.2115478515625	0.832275390625	0.167724609375	
4.900884539600078	0.0	0.7845458984375	0.2154541015625	0.83154296875	0.16845703125	
4.9637163926718735	0.0	0.7823486328125	0.2176513671875	0.824951171875	0.175048828125	
5.026548245743669	0.0	0.7923583984375	0.2076416015625	0.8353271484375	0.1646728515625	
5.089380098815465	0.0	0.7923583984375	0.2076416015625	0.8358154296875	0.1641845703125	
5.152211951887261	0.0	0.7872314453125	0.2127685546875	0.8316650390625	0.1683349609375	
5.215043804959057	0.0	0.793212890625	0.206787109375	0.8360595703125	0.1639404296875	
5.277875658030853	0.0	0.7965087890625	0.2034912109375	0.8424072265625	0.1575927734375	
5.340707511102649	0.0	0.8006591796875	0.1993408203125	0.8463134765625	0.1536865234375	
5.403539364174445	0.0	0.801513671875	0.198486328125	0.8408203125	0.1591796875	
5.46637121724624	0.0	0.800048828125	0.199951171875	0.8433837890625	0.1566162109375	
5.529203070318037	0.0	0.8016357421875	0.1983642578125	0.8458251953125	0.1541748046875	
5.592034923389832	0.0	0.812744140625	0.187255859375	0.851806640625	0.148193359375	
5.6548667764616285	0.0	0.8026123046875	0.1973876953125	0.8570556640625	0.1429443359375	
5.717698629533424	0.0	0.8118896484375	0.1881103515625	0.8602294921875	0.1397705078125	
5.7805304826052195	0.0	0.8165283203125	0.1834716796875	0.8519287109375	0.1480712890625	
5.843362335677016	0.0	0.81689453125	0.18310546875	0.8646240234375	0.1353759765625	
5.906194188748811	0.0	0.8262939453125	0.1737060546875	0.857666015625	0.142333984375	
5.969026041820608	0.0	0.824462890625	0.175537109375	0.8651123046875	0.1348876953125	
6.031857894892403	0.0	0.8349609375	0.1650390625	0.8677978515625	0.1322021484375	
6.094689747964199	0.0	0.838134765625	0.161865234375	0.876708984375	0.123291015625	
6.157521601035995	0.0	0.8348388671875	0.1651611328125	0.882568359375	0.117431640625	
6.220353454107791	0.0	0.839111328125	0.160888671875	0.874755859375	0.125244140625	
