0.0	0.0	0.822509765625	0.177490234375	0.7845458984375	0.2154541015625	
0.06283185307179587	0.0	0.8262939453125	0.1737060546875	0.7880859375	0.2119140625	
0.12566370614359174	0.0	0.8310546875	0.1689453125	0.7886962890625	0.2113037109375	
0.1884955592153876	0.0	0.8345947265625	0.1654052734375	0.7890625	0.2109375	
0.25132741228718347	0.0	0.8345947265625	0.1654052734375	0.7855224609375	0.2144775390625	
0.3141592653589793	0.0	0.830322265625	0.169677734375	0.7900390625	0.2099609375	
0.3769911184307752	0.0	0.81982421875	0.18017578125	0.781494140625	0.218505859375	
0.4398229715025711	0.0	0.8291015625	0.1708984375	0.792236328125	0.207763671875	
0.5026548245743669	0.0	0.830322265625	0.169677734375	0.7962646484375	0.2037353515625	
0.5654866776461628	0.0	0.8336181640625	0.1663818359375	0.79638671875	0.20361328125	
0.6283185307179586	0.0	0.8350830078125	0.1649169921875	0.8065185546875	0.1934814453125	
0.6911503837897546	0.0	0.841796875	0.158203125	0.8004150390625	0.1995849609375	
0.7539822368615504	0.0	0.8328857421875	0.1671142578125	0.7998046875	0.2001953125	
0.8168140899333463	0.0	0.8367919921875	0.1632080078125	0.8118896484375	0.1881103515625	
0.8796459430051422	0.0	0.8443603515625	0.1556396484375	0.807373046875	0.192626953125	
0.942477796076938	0.0	0.842529296875	0.157470703125	0.81005859375	0.18994140625	
1.0053096491487339	0.0	0.8302001953125	0.1697998046875	0.80908203125	0.19091796875	
1.0681415022205298	0.0	0.836669921875	0.163330078125	0.80419921875	0.19580078125	
1.1309733552923256	0.0	0.8416748046875	0.1583251953125	0.804931640625	0.195068359375	
1.1938052083641215	0.0	0.84326171875	0.15673828125	0.8021240234375	0.1978759765625	
1.2566370614359172	0.0	0.8447265625	0.1552734375	0.8067626953125	0.1932373046875	
1.3194689145077132	0.0	0.84033203125	0.15966796875	0.8013916015625	0.1986083984375	
1.3823007675795091	0.0	0.83984375	0.16015625	0.80029296875	0.19970703125	
1.4451326206513049	0.0	0.838623046875	0.161376953125	0.80078125	0.19921875	
1.5079644737231008	0.0	0.84814453125	0.15185546875	0.7989501953125	0.2010498046875	
1.5707963267948968	0.0	0.84130859375	0.15869140625	0.791259765625	0.208740234375	
1.6336281798666925	0.0	0.8463134765625	0.1536865234375	0.795166015625	0.204833984375	
1.6964600329384885	0.0	0.8438720703125	0.1561279296875	0.79345703125	0.20654296875	
1.7592918860102844	0.0	0.8406982421875	0.1593017578125	0.79052734375	0.20947265625	
1.8221237390820801	0.0	0.8494873046875	0.1505126953125	0.7890625	0.2109375	
1.884955592153876	0.0	0.8404541015625	0.1595458984375	0.7828369140625	0.2171630859375	
1.9477874452256718	0.0	0.8409423828125	0.1590576171875	0.7821044921875	0.2178955078125	
2.0106192982974678	0.0	0.8389892578125	0.1610107421875	0.7845458984375	0.2154541015625	
2.0734511513692637	0.0	0.8447265625	0.1552734375	0.784423828125	0.215576171875	
2.1362830044410597	0.0	0.838134765625	0.161865234375	0.77001953125	0.22998046875	
2.199114857512855	0.0	0.832275390625	0.167724609375	0.7724609375	0.2275390625	
2.261946710584651	0.0	0.831787109375	0.168212890625	0.775634765625	0.224365234375	
2.324778563656447	0.0	0.833251953125	0.166748046875	0.762939453125	0.237060546875	
2.387610416728243	0.0	0.8375244140625	0.1624755859375	0.7606201171875	0.2393798828125	
2.450442269800039	0.0	0.835205078125	0.164794921875	0.764892578125	0.235107421875	
2.5132741228718345	0.0	0.834228515625	0.165771484375	0.76171875	0.23828125	
2.5761059759436304	0.0	0.8345947265625	0.1654052734375	0.76123046875	0.23876953125	
2.6389378290154264	0.0	0.829833984375	0.170166015625	0.7640380859375	0.2359619140625	
2.7017696820872223	0.0	0.8245849609375	0.1754150390625	0.76025390625	0.23974609375	
2.7646015351590183	0.0	0.8289794921875	0.1710205078125	0.7672119140625	0.2327880859375	
2.8274333882308142	0.0	0.835205078125	0.164794921875	0.76611328125	0.23388671875	
2.8902652413026098	0.0	0.832275390625	0.167724609375	0.7674560546875	0.2325439453125	
2.9530970943744057	0.0	0.82421875	0.17578125	0.7652587890625	0.2347412109375	
3.0159289474462017	0.0	0.822265625	0.177734375	0.7672119140625	0.2327880859375	
3.0787608005179976	0.0	0.821533203125	0.178466796875	0.766357421875	0.233642578125	
3.1415926535897936	0.0	0.8226318359375	0.1773681640625	0.77587890625	0.22412109375	
3.204424506661589	0.0	0.822998046875	0.177001953125	0.781494140625	0.218505859375	
3.267256359733385	0.0	0.8311767578125	0.1688232421875	0.7833251953125	0.2166748046875	
3.330088212805181	0.0	0.821533203125	0.178466796875	0.7730712890625	0.2269287109375	
3.392920065876977	0.0	0.8363037109375	0.1636962890625	0.7843017578125	0.2156982421875	
3.455751918948773	0.0	0.8282470703125	0.1717529296875	0.7919921875	0.2080078125	
3.518583772020569	0.0	0.8270263671875	0.1729736328125	0.7847900390625	0.2152099609375	
3.5814156250923643	0.0	0.81884765625	0.18115234375	0.786376953125	0.213623046875	
3.6442474781641603	0.0	0.8289794921875	0.1710205078125	0.7940673828125	0.2059326171875	
3.7070793312359562	0.0	0.8260498046875	0.1739501953125	0.7945556640625	0.2054443359375	
3.769911184307752	0.0	0.828125	0.171875	0.7923583984375	0.2076416015625	
3.832743037379548	0.0	0.8238525390625	0.1761474609375	0.7987060546875	0.2012939453125	
3.8955748904513436	0.0	0.82958984375	0.17041015625	0.8021240234375	0.1978759765625	
3.9584067435231396	0.0	0.835693359375	0.164306640625	0.79638671875	0.20361328125	
4.0212385965949355	0.0	0.8365478515625	0.1634521484375	0.8040771484375	0.1959228515625	
4.084070449666731	0.0	0.8365478515625	0.1634521484375	0.8011474609375	0.1988525390625	
4.1469023027385274	0.0	0.8447265625	0.1552734375	0.79931640625	0.20068359375	
4.209734155810323	0.0	0.83837890625	0.16162109375	0.8109130859375	0.1890869140625	
4.272566008882119	0.0	0.833984375	0.166015625	0.8131103515625	0.1868896484375	
4.335397861953915	0.0	0.8353271484375	0.1646728515625	0.812255859375	0.187744140625	
4.39822971502571	0.0	0.8431396484375	0.1568603515625	0.806884765625	0.193115234375	
4.461061568097507	0.0	0.844970703125	0.155029296875	0.804931640625	0.195068359375	
4.523893421169302	0.0	0.8424072265625	0.1575927734375	0.81201171875	0.18798828125	
4.586725274241099	0.0	0.83984375	0.16015625	0.8060302734375	0.1939697265625	
4.649557127312894	0.0	0.8466796875	0.1533203125	0.8076171875	0.1923828125	
4.71238898038469	0.0	0.8568115234375	0.1431884765625	0.843017578125	0.156982421875	
4.775220833456486	0.0	0.8570556640625	0.1429443359375	0.837646484375	0.162353515625	
4.838052686528282	0.0	0.853759765625	0.146240234375	0.84228515625	0.15771484375	
4.900884539600078	0.0	0.853271484375	0.146728515625	0.8311767578125	0.1688232421875	
4.9637163926718735	0.0	0.8553466796875	0.1446533203125	0.8355712890625	0.1644287109375	
5.026548245743669	0.0	0.85595703125	0.14404296875	0.835205078125	0.164794921875	
5.089380098815465	0.0	0.8460693359375	0.1539306640625	0.843017578125	0.156982421875	
5.152211951887261	0.0	0.8416748046875	0.1583251953125	0.8406982421875	0.1593017578125	
5.215043804959057	0.0	0.85205078125	0.14794921875	0.832275390625	0.167724609375	
5.277875658030853	0.0	0.85302734375	0.14697265625	0.828125	0.171875	
5.340707511102649	0.0	0.84326171875	0.15673828125	0.828125	0.171875	
5.403539364174445	0.0	0.8470458984375	0.1529541015625	0.82373046875	0.17626953125	
5.46637121724624	0.0	0.8389892578125	0.1610107421875	0.8248291015625	0.1751708984375	
5.529203070318037	0.0	0.8348388671875	0.1651611328125	0.8228759765625	0.1771240234375	
5.592034923389832	0.0	0.8414306640625	0.1585693359375	0.8214111328125	0.1785888671875	
5.6548667764616285	0.0	0.8369140625	0.1630859375	0.8212890625	0.1787109375	
5.717698629533424	0.0	0.8343505859375	0.1656494140625	0.8135986328125	0.1864013671875	
5.7805304826052195	0.0	0.8404541015625	0.1595458984375	0.81787109375	0.18212890625	
5.843362335677016	0.0	0.837646484375	0.162353515625	0.8218994140625	0.1781005859375	
5.906194188748811	0.0	0.8408203125	0.1591796875	0.8197021484375	0.1802978515625	
5.969026041820608	0.0	0.83544921875	0.16455078125	0.8212890625	0.1787109375	
6.031857894892403	0.0	0.844482421875	0.155517578125	0.81884765625	0.18115234375	
6.094689747964199	0.0	0.8375244140625	0.1624755859375	0.823486328125	0.176513671875	
6.157521601035995	0.0	0.8319091796875	0.1680908203125	0.8182373046875	0.1817626953125	
6.220353454107791	0.0	0.84228515625	0.15771484375	0.8223876953125	0.1776123046875	
