0.0	0.0	0.78515625	0.21484375	0.798583984375	0.201416015625
0.06283185307179587	0.0	0.7880859375	0.2119140625	0.7926025390625	0.2073974609375
0.06283185307179587	-3.141592653589793	0.8204345703125	0.1795654296875	0.789794921875	0.210205078125
0.12566370614359174	0.0	0.7891845703125	0.2108154296875	0.79443359375	0.20556640625
0.12566370614359174	-3.141592653589793	0.8099365234375	0.1900634765625	0.78857421875	0.21142578125
0.1884955592153876	0.0	0.7845458984375	0.2154541015625	0.791259765625	0.208740234375
0.1884955592153876	-3.141592653589793	0.7613525390625	0.2386474609375	0.804443359375	0.195556640625
0.25132741228718347	0.0	0.7506103515625	0.2493896484375	0.797119140625	0.202880859375
0.25132741228718347	-3.141592653589793	0.7557373046875	0.2442626953125	0.7940673828125	0.2059326171875
0.3141592653589793	0.0	0.7574462890625	0.2425537109375	0.7918701171875	0.2081298828125
0.3141592653589793	-3.141592653589793	0.774169921875	0.225830078125	0.77001953125	0.22998046875
0.3769911184307752	0.0	0.78125	0.21875	0.7789306640625	0.2210693359375
0.3769911184307752	-3.141592653589793	0.7349853515625	0.2650146484375	0.738037109375	0.261962890625
0.4398229715025711	0.0	0.7347412109375	0.2652587890625	0.7425537109375	0.2574462890625
0.4398229715025711	-3.141592653589793	0.7696533203125	0.2303466796875	0.766845703125	0.233154296875
0.5026548245743669	0.0	0.775634765625	0.224365234375	0.7799072265625	0.2200927734375
0.5026548245743669	-3.141592653589793	0.7801513671875	0.2198486328125	0.7696533203125	0.2303466796875
0.5654866776461628	0.0	0.78076171875	0.21923828125	0.7764892578125	0.2235107421875
0.5654866776461628	-3.141592653589793	0.8026123046875	0.1973876953125	0.793701171875	0.206298828125
0.6283185307179586	0.0	0.7801513671875	0.2198486328125	0.7822265625	0.2177734375
0.6283185307179586	-3.141592653589793	0.8031005859375	0.1968994140625	0.7867431640625	0.2132568359375
0.6911503837897546	0.0	0.785888671875	0.214111328125	0.7711181640625	0.2288818359375
0.6911503837897546	-3.141592653589793	0.7396240234375	0.2603759765625	0.7596435546875	0.2403564453125
0.7539822368615504	0.0	0.7215576171875	0.2784423828125	0.752685546875	0.247314453125
0.7539822368615504	-3.141592653589793	0.80322265625	0.19677734375	0.7918701171875	0.2081298828125
0.8168140899333463	0.0	0.787109375	0.212890625	0.778076171875	0.221923828125
0.8168140899333463	-3.141592653589793	0.792236328125	0.207763671875	0.77490234375	0.22509765625
0.8796459430051422	0.0	0.7757568359375	0.2242431640625	0.7645263671875	0.2354736328125
0.8796459430051422	-3.141592653589793	0.8028564453125	0.1971435546875	0.79248046875	0.20751953125
0.942477796076938	0.0	0.7884521484375	0.2115478515625	0.774658203125	0.225341796875
0.942477796076938	-3.141592653589793	0.8009033203125	0.1990966796875	0.7799072265625	0.2200927734375
1.0053096491487339	0.0	0.798583984375	0.201416015625	0.7703857421875	0.2296142578125
1.0053096491487339	-3.141592653589793	0.6070556640625	0.3929443359375	0.6292724609375	0.3707275390625
1.0681415022205298	0.0	0.613037109375	0.386962890625	0.6346435546875	0.3653564453125
1.0681415022205298	-3.141592653589793	0.80029296875	0.19970703125	0.781494140625	0.218505859375
1.1309733552923256	0.0	0.78662109375	0.21337890625	0.7742919921875	0.2257080078125
1.1309733552923256	-3.141592653589793	0.7947998046875	0.2052001953125	0.7843017578125	0.2156982421875
1.1938052083641215	0.0	0.7890625	0.2109375	0.7655029296875	0.2344970703125
1.1938052083641215	-3.141592653589793	0.725830078125	0.274169921875	0.711669921875	0.288330078125
1.2566370614359172	0.0	0.703369140625	0.296630859375	0.704345703125	0.295654296875
1.2566370614359172	-3.141592653589793	0.7947998046875	0.2052001953125	0.759033203125	0.240966796875
1.3194689145077132	0.0	0.785400390625	0.214599609375	0.7513427734375	0.2486572265625
1.3194689145077132	-3.141592653589793	0.712158203125	0.287841796875	0.7037353515625	0.2962646484375
1.3823007675795091	0.0	0.7001953125	0.2998046875	0.70166015625	0.29833984375
1.3823007675795091	-3.141592653589793	0.5985107421875	0.4014892578125	0.6063232421875	0.3936767578125
1.4451326206513049	0.0	0.597900390625	0.402099609375	0.61083984375	0.38916015625
1.4451326206513049	-3.141592653589793	0.7974853515625	0.2025146484375	0.7840576171875	0.2159423828125
1.5079644737231008	0.0	0.8013916015625	0.1986083984375	0.7625732421875	0.2374267578125
1.5079644737231008	-3.141592653589793	0.797119140625	0.202880859375	0.7855224609375	0.2144775390625
1.5707963267948968	0.0	0.7984619140625	0.2015380859375	0.753662109375	0.246337890625
1.5707963267948968	-3.141592653589793	0.79638671875	0.20361328125	0.78271484375	0.21728515625
1.6336281798666925	0.0	0.80224609375	0.19775390625	0.7503662109375	0.2496337890625
1.6336281798666925	-3.141592653589793	0.7821044921875	0.2178955078125	0.7568359375	0.2431640625
1.6964600329384885	0.0	0.7855224609375	0.2144775390625	0.74560546875	0.25439453125
1.6964600329384885	-3.141592653589793	0.7957763671875	0.2042236328125	0.7698974609375	0.2301025390625
1.7592918860102844	0.0	0.79833984375	0.20166015625	0.760009765625	0.239990234375
1.7592918860102844	-3.141592653589793	0.7939453125	0.2060546875	0.768798828125	0.231201171875
1.8221237390820801	0.0	0.791748046875	0.208251953125	0.75830078125	0.24169921875
1.8221237390820801	-3.141592653589793	0.7188720703125	0.2811279296875	0.70458984375	0.29541015625
1.884955592153876	0.0	0.702880859375	0.297119140625	0.70703125	0.29296875
1.884955592153876	-3.141592653589793	0.800048828125	0.199951171875	0.7733154296875	0.2266845703125
1.9477874452256718	0.0	0.7974853515625	0.2025146484375	0.7587890625	0.2412109375
1.9477874452256718	-3.141592653589793	0.778564453125	0.221435546875	0.74658203125	0.25341796875
2.0106192982974678	0.0	0.8001708984375	0.1998291015625	0.759033203125	0.240966796875
2.0106192982974678	-3.141592653589793	0.7191162109375	0.2808837890625	0.7149658203125	0.2850341796875
2.0734511513692637	0.0	0.784912109375	0.215087890625	0.744140625	0.255859375
2.0734511513692637	-3.141592653589793	0.7763671875	0.2236328125	0.74658203125	0.25341796875
2.1362830044410597	0.0	0.7735595703125	0.2264404296875	0.7349853515625	0.2650146484375
2.1362830044410597	-3.141592653589793	0.7691650390625	0.2308349609375	0.7578125	0.2421875
2.199114857512855	0.0	0.7677001953125	0.2322998046875	0.74169921875	0.25830078125
2.199114857512855	-3.141592653589793	0.7152099609375	0.2847900390625	0.712646484375	0.287353515625
2.261946710584651	0.0	0.77197265625	0.22802734375	0.74755859375	0.25244140625
2.261946710584651	-3.141592653589793	0.7928466796875	0.2071533203125	0.77099609375	0.22900390625
2.324778563656447	0.0	0.714599609375	0.285400390625	0.732421875	0.267578125
2.324778563656447	-3.141592653589793	0.7718505859375	0.2281494140625	0.7498779296875	0.2501220703125
2.387610416728243	0.0	0.7923583984375	0.2076416015625	0.7490234375	0.2509765625
2.387610416728243	-3.141592653589793	0.791748046875	0.208251953125	0.7568359375	0.2431640625
2.450442269800039	0.0	0.795654296875	0.204345703125	0.74951171875	0.25048828125
2.450442269800039	-3.141592653589793	0.7908935546875	0.2091064453125	0.7528076171875	0.2471923828125
2.5132741228718345	0.0	0.7938232421875	0.2061767578125	0.747802734375	0.252197265625
2.5132741228718345	-3.141592653589793	0.7242431640625	0.2757568359375	0.7073974609375	0.2926025390625
2.5761059759436304	0.0	0.7999267578125	0.2000732421875	0.7589111328125	0.2410888671875
2.5761059759436304	-3.141592653589793	0.722412109375	0.277587890625	0.7191162109375	0.2808837890625
2.6389378290154264	0.0	0.720458984375	0.279541015625	0.726318359375	0.273681640625
2.6389378290154264	-3.141592653589793	0.7506103515625	0.2493896484375	0.7403564453125	0.2596435546875
2.7017696820872223	0.0	0.7147216796875	0.2852783203125	0.7354736328125	0.2645263671875
2.7017696820872223	-3.141592653589793	0.7236328125	0.2763671875	0.7305908203125	0.2694091796875
2.7646015351590183	0.0	0.7547607421875	0.2452392578125	0.7447509765625	0.2552490234375
2.7646015351590183	-3.141592653589793	0.724365234375	0.275634765625	0.74560546875	0.25439453125
2.8274333882308142	0.0	0.7506103515625	0.2493896484375	0.756103515625	0.243896484375
2.8274333882308142	-3.141592653589793	0.7392578125	0.2607421875	0.731689453125	0.268310546875
2.8902652413026098	0.0	0.7420654296875	0.2579345703125	0.7564697265625	0.2435302734375
2.8902652413026098	-3.141592653589793	0.73828125	0.26171875	0.7449951171875	0.2550048828125
2.9530970943744057	0.0	0.7982177734375	0.2017822265625	0.759765625	0.240234375
2.9530970943744057	-3.141592653589793	0.79541015625	0.20458984375	0.7623291015625	0.2376708984375
3.0159289474462017	0.0	0.799072265625	0.200927734375	0.77197265625	0.22802734375
3.0159289474462017	-3.141592653589793	0.7943115234375	0.2056884765625	0.7559814453125	0.2440185546875
3.0787608005179976	0.0	0.728515625	0.271484375	0.751953125	0.248046875
3.0787608005179976	-3.141592653589793	0.7254638671875	0.2745361328125	0.76025390625	0.23974609375
3.141592653589793	0.0	0.798828125	0.201171875	0.7564697265625	0.2435302734375
