0.0	0.0	0.7443345036706033	0.2556654963293967	0.8194495412844036	0.18055045871559638
0.06283185307179587	0.0	0.7724225981487393	0.22757740185126074	0.8025688073394496	0.19743119266055043
0.12566370614359174	0.0	0.7625279285030322	0.2374720714969678	0.8212844036697248	0.17871559633027523
0.1884955592153876	0.0	0.7567826364506862	0.24321736354931378	0.8620183486238532	0.13798165137614682
0.25132741228718347	0.0	0.7625279285030322	0.2374720714969678	0.8227522935779816	0.17724770642201837
0.3141592653589793	0.0	0.7807213533354612	0.21927864666453878	0.8146788990825689	0.18532110091743115
0.3769911184307752	0.0	0.7813597191190552	0.21864028088094478	0.8062385321100918	0.19376146788990822
0.4398229715025711	0.0	0.7800829875518672	0.21991701244813278	0.8095412844036697	0.19045871559633032
0.5026548245743669	0.0	0.7992339610596872	0.20076603894031275	0.8348623853211009	0.1651376146788991
0.5654866776461628	0.0	0.8024257899776572	0.19757421002234277	0.8363302752293578	0.16366972477064223
0.6283185307179586	0.0	0.7928503032237472	0.20714969677625283	0.8330275229357799	0.16697247706422014
0.6911503837897546	0.0	0.7944462176827322	0.20555378231726784	0.908256880733945	0.09174311926605505
0.7539822368615504	0.0	0.7851899138206192	0.2148100861793808	0.9137614678899083	0.08623853211009169
0.8168140899333463	0.0	0.7816789020108522	0.21832109798914778	0.9005504587155964	0.09944954128440364
0.8796459430051422	0.0	0.7717842323651453	0.22821576763485474	0.8554128440366973	0.14458715596330274
0.942477796076938	0.0	0.7526332588573252	0.24736674114267476	0.8862385321100917	0.11376146788990826
1.0053096491487339	0.0	0.7312480051069262	0.2687519948930738	0.8755963302752293	0.12440366972477068
1.0681415022205298	0.0	0.7772103415256942	0.22278965847430576	0.818348623853211	0.18165137614678895
1.1309733552923256	0.0	0.8001915097350782	0.19980849026492176	0.8271559633027523	0.17284403669724768
1.1938052083641215	0.0	0.8040217044366422	0.19597829556335777	0.8774311926605505	0.12256880733944953
1.2566370614359172	0.0	0.7666773060963933	0.23332269390360671	0.8851376146788991	0.11486238532110093
1.3194689145077132	0.0	0.7689115863389723	0.23108841366102773	0.8047706422018348	0.1952293577981652
1.3823007675795091	0.0	0.8068943504628152	0.1931056495371848	0.8546788990825688	0.14532110091743122
1.4451326206513049	0.0	0.7890201085221832	0.21097989147781682	0.8231192660550458	0.17688073394495418
1.5079644737231008	0.0	0.7848707309288222	0.2151292690711778	0.8506422018348624	0.1493577981651376
1.5707963267948968	0.0	0.7261410788381742	0.27385892116182575	0.8212844036697248	0.17871559633027523
1.6336281798666925	0.0	0.7194382381104373	0.2805617618895627	0.9280733944954128	0.07192660550458718
1.6964600329384885	0.0	0.7443345036706033	0.2556654963293967	0.916697247706422	0.08330275229357798
1.7592918860102844	0.0	0.7197574210022343	0.2802425789977657	0.9258715596330275	0.07412844036697253
1.8221237390820801	0.0	0.6734759016916694	0.3265240983083306	0.9240366972477064	0.07596330275229357
1.884955592153876	0.0	0.6635812320459623	0.3364187679540377	0.935045871559633	0.06495412844036696
1.9477874452256718	0.0	0.6836897542291733	0.31631024577082667	0.8976146788990825	0.10238532110091747
2.0106192982974678	0.0	0.7063517395467603	0.29364826045323966	0.8572477064220183	0.1427522935779817
2.0734511513692637	0.0	0.6983721672518353	0.30162783274816474	0.8528440366972477	0.14715596330275227
2.1362830044410597	0.0	0.6651771465049473	0.3348228534950527	0.8741284403669725	0.12587155963302754
2.199114857512855	0.0	0.7146504947334823	0.2853495052665177	0.8278899082568807	0.1721100917431193
2.261946710584651	0.0	0.7076284711139483	0.29237152888605167	0.8535779816513761	0.1464220183486239
2.324778563656447	0.0	0.7022023619533992	0.29779763804660075	0.86348623853211	0.13651376146788996
2.387610416728243	0.0	0.7315671879987232	0.2684328120012768	0.8730275229357798	0.1269724770642202
2.450442269800039	0.0	0.7481646983721673	0.25183530162783274	0.8576146788990826	0.1423853211009174
2.5132741228718345	0.0	0.7369932971592723	0.2630067028407277	0.8517431192660551	0.14825688073394494
2.5761059759436304	0.0	0.7210341525694223	0.27896584743057773	0.8337614678899082	0.16623853211009176
2.6389378290154264	0.0	0.6607085860197893	0.3392914139802107	0.8847706422018349	0.11522935779816512
2.7017696820872223	0.0	0.6957095709570957	0.30429042904290426	0.9003676470588236	0.09963235294117645
2.7646015351590183	0.0	0.7232684328120013	0.27673156718799874	0.8245871559633028	0.1754128440366972
2.8274333882308142	0.0	0.7187998723268433	0.2812001276731567	0.8025688073394496	0.19743119266055043
2.8902652413026098	0.0	0.6712416214490903	0.3287583785509097	0.8822018348623853	0.11779816513761465
2.9530970943744057	0.0	0.6935844238748803	0.3064155761251197	0.8697247706422019	0.13027522935779812
3.0159289474462017	0.0	0.6970954356846473	0.30290456431535273	0.8535779816513761	0.1464220183486239
3.0787608005179976	0.0	0.7306096393233322	0.2693903606766678	0.8502752293577982	0.1497247706422018
3.1415926535897936	0.0	0.7089052026811363	0.2910947973188637	0.8675229357798165	0.13247706422018346
3.204424506661589	0.0	0.7159272263006703	0.2840727736993297	0.8678899082568807	0.13211009174311927
3.267256359733385	0.0	0.6932652409830833	0.3067347590169167	0.8755963302752293	0.12440366972477068
3.330088212805181	0.0	0.7644430258538142	0.23555697414618582	0.861651376146789	0.138348623853211
3.392920065876977	0.0	0.6811362910947973	0.31886370890520266	0.8605504587155963	0.13944954128440368
3.455751918948773	0.0	0.7357165655920843	0.2642834344079157	0.8568807339449541	0.14311926605504588
3.518583772020569	0.0	0.7571018193424832	0.24289818065751678	0.8348623853211009	0.1651376146788991
3.5814156250923643	0.0	0.6667730609639323	0.3332269390360677	0.9306422018348623	0.06935779816513765
3.6442474781641603	0.0	0.7184806894350463	0.2815193105649537	0.9012844036697247	0.09871559633027527
3.7070793312359562	0.0	0.7638046600702202	0.2361953399297798	0.8733944954128441	0.12660550458715591
3.769911184307752	0.0	0.7353973827002873	0.2646026172997127	0.895045871559633	0.104954128440367
3.832743037379548	0.0	0.7092243855729333	0.2907756144270667	0.9119266055045872	0.08807339449541285
3.8955748904513436	0.0	0.7085860197893393	0.2914139802106607	0.9067889908256881	0.09321100917431191
3.9584067435231396	0.0	0.7130545802744973	0.2869454197255027	0.8888073394495413	0.11119266055045873
4.0212385965949355	0.0	0.7545483562081072	0.24545164379189277	0.8987155963302752	0.1012844036697248
4.084070449666731	0.0	0.7258218959463772	0.27417810405362275	0.8579816513761468	0.1420183486238532
4.1469023027385274	0.0	0.7548675390999042	0.24513246090009577	0.8752293577981651	0.12477064220183487
4.209734155810323	0.0	0.7599744653686562	0.2400255346313438	0.8777981651376147	0.12220183486238534
4.272566008882119	0.0	0.7376316629428663	0.2623683370571337	0.8741284403669725	0.12587155963302754
4.335397861953915	0.0	0.7826364506862432	0.2173635493137568	0.8814678899082569	0.11853211009174314
4.39822971502571	0.0	0.7449728694541973	0.2550271305458027	0.8521100917431192	0.14788990825688075
4.461061568097507	0.0	0.7532716246409192	0.24672837535908076	0.8913761467889908	0.1086238532110092
4.523893421169302	0.0	0.7532716246409192	0.24672837535908076	0.8979816513761468	0.10201834862385317
4.586725274241099	0.0	0.6872007660389403	0.3127992339610597	0.9229357798165138	0.07706422018348624
4.649557127312894	0.0	0.7564634535588892	0.24353654644111078	0.9027522935779817	0.0972477064220183
4.71238898038469	0.0	0.7703459637561779	0.22965403624382208	0.8779673590504451	0.1220326409495549
4.775220833456486	0.0	0.7518945634266886	0.2481054365733114	0.9321216617210683	0.06787833827893175
4.838052686528282	0.0	0.7387149917627677	0.26128500823723233	0.9284124629080118	0.07158753709198817
4.900884539600078	0.0	0.7703459637561779	0.22965403624382208	0.8957715133531158	0.10422848664688422
4.9637163926718735	0.0	0.7551894563426689	0.24481054365733113	0.8664688427299704	0.13353115727002962
5.026548245743669	0.0	0.7881383855024712	0.21186161449752883	0.8479228486646885	0.15207715133531152
5.089380098815465	0.0	0.7601317957166392	0.23986820428336075	0.8204747774480712	0.17952522255192882
5.152211951887261	0.0	0.8069192751235584	0.19308072487644157	0.8026706231454006	0.1973293768545994
5.215043804959057	0.0	0.7973640856672158	0.20263591433278416	0.8037833827893175	0.1962166172106825
5.277875658030853	0.0	0.8128500823723229	0.18714991762767708	0.8026706231454006	0.1973293768545994
5.340707511102649	0.0	0.8095551894563426	0.19044481054365736	0.775593471810089	0.22440652818991103
5.403539364174445	0.0	0.8336079077429983	0.1663920922570017	0.8293768545994066	0.17062314540059342
5.46637121724624	0.0	0.8200988467874794	0.17990115321252065	0.8201038575667656	0.17989614243323437
5.529203070318037	0.0	0.7815485996705107	0.2184514003294893	0.8772255192878339	0.12277448071216612
5.592034923389832	0.0	0.7280528052805281	0.27194719471947193	0.8988970588235294	0.10110294117647056
5.6548667764616285	0.0	0.7930807248764415	0.20691927512355845	0.7997032640949555	0.2002967359050445
5.717698629533424	0.0	0.8174629324546953	0.18253706754530474	0.7893175074183977	0.21068249258160232
5.7805304826052195	0.0	0.7904448105436573	0.20955518945634266	0.8486646884272997	0.1513353115727003
5.843362335677016	0.0	0.7785831960461285	0.22141680395387153	0.8364243323442137	0.16357566765578635
5.906194188748811	0.0	0.799670510708402	0.200329489291598	0.8557121661721068	0.14428783382789323
5.969026041820608	0.0	0.8013179571663921	0.1986820428336079	0.8612759643916914	0.1387240356083086
6.031857894892403	0.0	0.7940691927512356	0.20593080724876445	0.8601632047477745	0.13983679525222548
6.094689747964199	0.0	0.7897858319604613	0.21021416803953874	0.8560830860534124	0.14391691394658757
6.157521601035995	0.0	0.7835255354200988	0.21647446457990116	0.8783382789317508	0.12166172106824924
6.220353454107791	0.0	0.8085667215815486	0.19143327841845137	0.8831602373887241	0.11683976261127593
