0.0	0.0	0.8424072265625	0.1575927734375	0.812255859375	0.187744140625	
0.06283185307179587	0.0	0.841796875	0.158203125	0.808837890625	0.191162109375	
0.12566370614359174	0.0	0.836669921875	0.163330078125	0.8123779296875	0.1876220703125	
0.1884955592153876	0.0	0.83935546875	0.16064453125	0.81201171875	0.18798828125	
0.25132741228718347	0.0	0.8385009765625	0.1614990234375	0.81787109375	0.18212890625	
0.3141592653589793	0.0	0.8375244140625	0.1624755859375	0.810791015625	0.189208984375	
0.3769911184307752	0.0	0.8431396484375	0.1568603515625	0.8111572265625	0.1888427734375	
0.4398229715025711	0.0	0.849365234375	0.150634765625	0.8125	0.1875	
0.5026548245743669	0.0	0.843994140625	0.156005859375	0.80712890625	0.19287109375	
0.5654866776461628	0.0	0.8480224609375	0.1519775390625	0.8106689453125	0.1893310546875	
0.6283185307179586	0.0	0.8533935546875	0.1466064453125	0.8173828125	0.1826171875	
0.6911503837897546	0.0	0.845703125	0.154296875	0.81884765625	0.18115234375	
0.7539822368615504	0.0	0.8497314453125	0.1502685546875	0.8221435546875	0.1778564453125	
0.8168140899333463	0.0	0.8505859375	0.1494140625	0.817138671875	0.182861328125	
0.8796459430051422	0.0	0.8505859375	0.1494140625	0.8218994140625	0.1781005859375	
0.942477796076938	0.0	0.8558349609375	0.1441650390625	0.82177734375	0.17822265625	
1.0053096491487339	0.0	0.8525390625	0.1474609375	0.8330078125	0.1669921875	
1.0681415022205298	0.0	0.8548583984375	0.1451416015625	0.8331298828125	0.1668701171875	
1.1309733552923256	0.0	0.8502197265625	0.1497802734375	0.8267822265625	0.1732177734375	
1.1938052083641215	0.0	0.852783203125	0.147216796875	0.831787109375	0.168212890625	
1.2566370614359172	0.0	0.8575439453125	0.1424560546875	0.822998046875	0.177001953125	
1.3194689145077132	0.0	0.8511962890625	0.1488037109375	0.8271484375	0.1728515625	
1.3823007675795091	0.0	0.859130859375	0.140869140625	0.8294677734375	0.1705322265625	
1.4451326206513049	0.0	0.858642578125	0.141357421875	0.832763671875	0.167236328125	
1.5079644737231008	0.0	0.8480224609375	0.1519775390625	0.8316650390625	0.1683349609375	
1.5707963267948968	0.0	0.8466796875	0.1533203125	0.82568359375	0.17431640625	
1.6336281798666925	0.0	0.8472900390625	0.1527099609375	0.8353271484375	0.1646728515625	
1.6964600329384885	0.0	0.858642578125	0.141357421875	0.8348388671875	0.1651611328125	
1.7592918860102844	0.0	0.8485107421875	0.1514892578125	0.8260498046875	0.1739501953125	
1.8221237390820801	0.0	0.846435546875	0.153564453125	0.829833984375	0.170166015625	
1.884955592153876	0.0	0.8487548828125	0.1512451171875	0.8341064453125	0.1658935546875	
1.9477874452256718	0.0	0.8448486328125	0.1551513671875	0.828125	0.171875	
2.0106192982974678	0.0	0.8431396484375	0.1568603515625	0.8236083984375	0.1763916015625	
2.0734511513692637	0.0	0.8370361328125	0.1629638671875	0.8236083984375	0.1763916015625	
2.1362830044410597	0.0	0.8389892578125	0.1610107421875	0.824951171875	0.175048828125	
2.199114857512855	0.0	0.839599609375	0.160400390625	0.82958984375	0.17041015625	
2.261946710584651	0.0	0.8271484375	0.1728515625	0.823974609375	0.176025390625	
2.324778563656447	0.0	0.8302001953125	0.1697998046875	0.8223876953125	0.1776123046875	
2.387610416728243	0.0	0.836669921875	0.163330078125	0.8218994140625	0.1781005859375	
2.450442269800039	0.0	0.82763671875	0.17236328125	0.818603515625	0.181396484375	
2.5132741228718345	0.0	0.826904296875	0.173095703125	0.8216552734375	0.1783447265625	
2.5761059759436304	0.0	0.83056640625	0.16943359375	0.815185546875	0.184814453125	
2.6389378290154264	0.0	0.8292236328125	0.1707763671875	0.8150634765625	0.1849365234375	
2.7017696820872223	0.0	0.8201904296875	0.1798095703125	0.810302734375	0.189697265625	
2.7646015351590183	0.0	0.8197021484375	0.1802978515625	0.805908203125	0.194091796875	
2.8274333882308142	0.0	0.8197021484375	0.1802978515625	0.813720703125	0.186279296875	
2.8902652413026098	0.0	0.82470703125	0.17529296875	0.809326171875	0.190673828125	
2.9530970943744057	0.0	0.82080078125	0.17919921875	0.8048095703125	0.1951904296875	
3.0159289474462017	0.0	0.820556640625	0.179443359375	0.805908203125	0.194091796875	
3.0787608005179976	0.0	0.8194580078125	0.1805419921875	0.809326171875	0.190673828125	
3.1415926535897936	0.0	0.811767578125	0.188232421875	0.798583984375	0.201416015625	
3.204424506661589	0.0	0.81884765625	0.18115234375	0.80712890625	0.19287109375	
3.267256359733385	0.0	0.8157958984375	0.1842041015625	0.81396484375	0.18603515625	
3.330088212805181	0.0	0.8238525390625	0.1761474609375	0.8153076171875	0.1846923828125	
3.392920065876977	0.0	0.8253173828125	0.1746826171875	0.804931640625	0.195068359375	
3.455751918948773	0.0	0.8138427734375	0.1861572265625	0.79638671875	0.20361328125	
3.518583772020569	0.0	0.8218994140625	0.1781005859375	0.81005859375	0.18994140625	
3.5814156250923643	0.0	0.830810546875	0.169189453125	0.8062744140625	0.1937255859375	
3.6442474781641603	0.0	0.8253173828125	0.1746826171875	0.807861328125	0.192138671875	
3.7070793312359562	0.0	0.8255615234375	0.1744384765625	0.811767578125	0.188232421875	
3.769911184307752	0.0	0.8291015625	0.1708984375	0.8135986328125	0.1864013671875	
3.832743037379548	0.0	0.830810546875	0.169189453125	0.8121337890625	0.1878662109375	
3.8955748904513436	0.0	0.8380126953125	0.1619873046875	0.81298828125	0.18701171875	
3.9584067435231396	0.0	0.83251953125	0.16748046875	0.8126220703125	0.1873779296875	
4.0212385965949355	0.0	0.8359375	0.1640625	0.80419921875	0.19580078125	
4.084070449666731	0.0	0.840087890625	0.159912109375	0.8197021484375	0.1802978515625	
4.1469023027385274	0.0	0.84130859375	0.15869140625	0.8193359375	0.1806640625	
4.209734155810323	0.0	0.8375244140625	0.1624755859375	0.8231201171875	0.1768798828125	
4.272566008882119	0.0	0.8455810546875	0.1544189453125	0.81494140625	0.18505859375	
4.335397861953915	0.0	0.850830078125	0.149169921875	0.8250732421875	0.1749267578125	
4.39822971502571	0.0	0.843994140625	0.156005859375	0.81298828125	0.18701171875	
4.461061568097507	0.0	0.8529052734375	0.1470947265625	0.82421875	0.17578125	
4.523893421169302	0.0	0.8441162109375	0.1558837890625	0.8284912109375	0.1715087890625	
4.586725274241099	0.0	0.8519287109375	0.1480712890625	0.8248291015625	0.1751708984375	
4.649557127312894	0.0	0.8428955078125	0.1571044921875	0.822021484375	0.177978515625	
4.71238898038469	0.0	0.841064453125	0.158935546875	0.8197021484375	0.1802978515625	
4.775220833456486	0.0	0.8529052734375	0.1470947265625	0.818359375	0.181640625	
4.838052686528282	0.0	0.853759765625	0.146240234375	0.8148193359375	0.1851806640625	
4.900884539600078	0.0	0.8492431640625	0.1507568359375	0.817626953125	0.182373046875	
4.9637163926718735	0.0	0.845947265625	0.154052734375	0.82373046875	0.17626953125	
5.026548245743669	0.0	0.8486328125	0.1513671875	0.8206787109375	0.1793212890625	
5.089380098815465	0.0	0.846435546875	0.153564453125	0.824951171875	0.175048828125	
5.152211951887261	0.0	0.8409423828125	0.1590576171875	0.8193359375	0.1806640625	
5.215043804959057	0.0	0.8441162109375	0.1558837890625	0.8165283203125	0.1834716796875	
5.277875658030853	0.0	0.85400390625	0.14599609375	0.818359375	0.181640625	
5.340707511102649	0.0	0.8477783203125	0.1522216796875	0.8238525390625	0.1761474609375	
5.403539364174445	0.0	0.845458984375	0.154541015625	0.8179931640625	0.1820068359375	
5.46637121724624	0.0	0.8389892578125	0.1610107421875	0.8172607421875	0.1827392578125	
5.529203070318037	0.0	0.8402099609375	0.1597900390625	0.818115234375	0.181884765625	
5.592034923389832	0.0	0.836669921875	0.163330078125	0.8203125	0.1796875	
5.6548667764616285	0.0	0.84375	0.15625	0.814453125	0.185546875	
5.717698629533424	0.0	0.8326416015625	0.1673583984375	0.821533203125	0.178466796875	
5.7805304826052195	0.0	0.85107421875	0.14892578125	0.8131103515625	0.1868896484375	
5.843362335677016	0.0	0.8463134765625	0.1536865234375	0.821044921875	0.178955078125	
5.906194188748811	0.0	0.8360595703125	0.1639404296875	0.811767578125	0.188232421875	
5.969026041820608	0.0	0.8367919921875	0.1632080078125	0.816650390625	0.183349609375	
6.031857894892403	0.0	0.8402099609375	0.1597900390625	0.822998046875	0.177001953125	
6.094689747964199	0.0	0.8338623046875	0.1661376953125	0.8157958984375	0.1842041015625	
6.157521601035995	0.0	0.8409423828125	0.1590576171875	0.8099365234375	0.1900634765625	
6.220353454107791	0.0	0.84423828125	0.15576171875	0.81201171875	0.18798828125	
