0.04472508716873345	5.0832036923152595	0.873046875	0.126953125	0.864501953125	0.135498046875	
0.07747904492388095	2.683240462586607	0.830810546875	0.169189453125	0.843994140625	0.156005859375	
0.10004171361154007	0.2832772328579516	0.8402099609375	0.1597900390625	0.8538818359375	0.1461181640625	
0.11839072552777699	4.166499310308886	0.8759765625	0.1240234375	0.8817138671875	0.1182861328125	
0.13426490601813668	1.7665360805802308	0.802490234375	0.197509765625	0.81689453125	0.18310546875	
0.14846027099665982	5.649758158031162	0.889892578125	0.110107421875	0.8740234375	0.1259765625	
0.1614203501484288	3.2497949283025065	0.8531494140625	0.1468505859375	0.8621826171875	0.1378173828125	
0.17342232109560457	0.8498316985738512	0.80029296875	0.19970703125	0.822998046875	0.177001953125	
0.18465311382502114	4.733053776024796	0.89453125	0.10546875	0.887451171875	0.112548828125	
0.19524586236593036	2.333090546296141	0.7994384765625	0.2005615234375	0.81494140625	0.18505859375	
0.20529936385294065	6.216312623747072	0.8602294921875	0.1397705078125	0.86572265625	0.13427734375	
0.21488932711016984	3.8163493940184168	0.8809814453125	0.1190185546875	0.887939453125	0.112060546875	
0.22407528530181936	1.4163861642897615	0.77685546875	0.22314453125	0.8092041015625	0.1907958984375	
0.2329050556155924	5.2996082417406924	0.9022216796875	0.0977783203125	0.8912353515625	0.1087646484375	
0.24141773270237576	2.8996450120120514	0.8284912109375	0.1715087890625	0.8387451171875	0.1612548828125	
0.24964576524113105	0.4996817822833819	0.8231201171875	0.1768798828125	0.83544921875	0.16455078125	
0.25761643714262183	4.382903859734327	0.89892578125	0.10107421875	0.8992919921875	0.1007080078125	
0.2653529495976502	1.9829406300056576	0.7666015625	0.2333984375	0.80517578125	0.19482421875	
0.2728752280514771	5.866162707456603	0.8858642578125	0.1141357421875	0.877685546875	0.122314453125	
0.28020053502559567	3.4661994777279332	0.8690185546875	0.1309814453125	0.8780517578125	0.1219482421875	
0.28734394299515853	1.0662362479992922	0.775390625	0.224609375	0.803955078125	0.196044921875	
0.29431870450315556	4.949458325450237	0.9161376953125	0.0838623046875	0.910400390625	0.089599609375	
0.30113654555337216	2.549495095721568	0.796142578125	0.203857421875	0.8182373046875	0.1817626953125	
0.30780790086679144	0.14953186599292678	0.8438720703125	0.1561279296875	0.852294921875	0.147705078125	
0.3143421044892443	4.0327539434438435	0.891357421875	0.108642578125	0.90673828125	0.09326171875	
0.3207475456891002	1.6327907137152025	0.757080078125	0.242919921875	0.779541015625	0.220458984375	
0.3270317975705273	5.516012791166148	0.90478515625	0.09521484375	0.896728515625	0.103271484375	
0.33320172402055054	3.1160495614374497	0.840576171875	0.159423828125	0.859375	0.140625	
0.3392635692901253	0.7160863317088086	0.793701171875	0.206298828125	0.8221435546875	0.1778564453125	
0.3452230335358209	4.599308409159754	0.910400390625	0.089599609375	0.914306640625	0.085693359375	
0.3510853369209005	2.1993451794311127	0.7711181640625	0.2288818359375	0.7882080078125	0.2117919921875	
0.3568552743245366	6.082567256882058	0.8770751953125	0.1229248046875	0.8677978515625	0.1322021484375	
0.36253726228797395	3.68260402715336	0.8802490234375	0.1197509765625	0.8973388671875	0.1026611328125	
0.3681353795027898	1.282640797424719	0.749267578125	0.250732421875	0.777587890625	0.222412109375	
0.37365340189477037	5.165862874875664	0.9189453125	0.0810546875	0.9156494140625	0.0843505859375	
0.3790948331596482	2.765899645147023	0.8131103515625	0.1868896484375	0.828369140625	0.171630859375	
0.3844629314511094	0.36593641541838196	0.8245849609375	0.1754150390625	0.8375244140625	0.1624755859375	
0.3897607327974747	4.24915849286927	0.917724609375	0.082275390625	0.9189453125	0.0810546875	
0.39499107172411946	1.8491952631406292	0.732666015625	0.267333984375	0.7613525390625	0.2386474609375	
0.40015659947859855	5.732417340591574	0.9033203125	0.0966796875	0.8858642578125	0.1141357421875	
0.4052598001904745	3.3324541108629333	0.859375	0.140625	0.87646484375	0.12353515625	
0.41030300524484464	0.9324908811342354	0.7589111328125	0.2410888671875	0.793701171875	0.206298828125	
0.4152884061050901	4.815712958585181	0.9234619140625	0.0765380859375	0.9244384765625	0.0755615234375	
0.4202180657845307	2.4157497288565395	0.7781982421875	0.2218017578125	0.798583984375	0.201416015625	
0.42509392913697913	0.015786499127898423	0.8653564453125	0.1346435546875	0.85498046875	0.14501953125	
0.4299178321114765	3.8990085765788436	0.9033203125	0.0966796875	0.908447265625	0.091552734375	
0.43469151009583495	1.4990453468501457	0.7103271484375	0.2896728515625	0.753173828125	0.246826171875	
0.4394166054562733	5.382267424301091	0.925537109375	0.074462890625	0.9134521484375	0.0865478515625	
0.4440946743658145	2.9823041945724498	0.8291015625	0.1708984375	0.8419189453125	0.1580810546875	
0.4487271930017521	0.5823409648438087	0.794189453125	0.205810546875	0.81689453125	0.18310546875	
0.45331556318199057	4.465563042294754	0.9239501953125	0.0760498046875	0.9293212890625	0.0706787109375	
0.4578611175011189	2.065599812566056	0.7353515625	0.2646484375	0.7623291015625	0.2376708984375	
0.4623651240194273	5.948821890017058	0.8900146484375	0.1099853515625	0.8824462890625	0.1175537109375	
0.4668287905515154	3.54885866028836	0.885986328125	0.114013671875	0.8961181640625	0.1038818359375	
0.47125326859549527	1.1488954305596621	0.71240234375	0.28759765625	0.76806640625	0.23193359375	
0.475639656938923	5.032117508010664	0.9368896484375	0.0631103515625	0.9327392578125	0.0672607421875	
0.4799890049733736	2.6321542782819662	0.7850341796875	0.2149658203125	0.808349609375	0.191650390625	
0.48430231574591986	0.23219104855326833	0.8404541015625	0.1595458984375	0.831298828125	0.168701171875	
0.48858054877259033	4.11541312600427	0.920166015625	0.079833984375	0.92919921875	0.07080078125	
0.4928246226361065	1.7154498962755724	0.7034912109375	0.2965087890625	0.7386474609375	0.2613525390625	
0.4970354173877717	5.598671973726574	0.9207763671875	0.0792236328125	0.912841796875	0.087158203125	
0.5012137767712568	3.1987087439978765	0.849365234375	0.150634765625	0.86962890625	0.13037109375	
0.5053605102841573	0.7987455142691786	0.750244140625	0.249755859375	0.7935791015625	0.2064208984375	
0.5094763950915543	4.681967591720181	0.935791015625	0.064208984375	0.9407958984375	0.0592041015625	
0.5135621778043545	2.2820043619914827	0.7418212890625	0.2581787109375	0.7623291015625	0.2376708984375	
0.5176185761339077	6.165226439442485	0.8773193359375	0.1226806640625	0.8724365234375	0.1275634765625	
0.5216462804332554	3.765263209713787	0.90478515625	0.09521484375	0.9127197265625	0.0872802734375	
0.5256459551343636	1.365299979985089	0.7032470703125	0.2967529296875	0.73486328125	0.26513671875	
0.5296182400897859	5.248522057436091	0.9365234375	0.0634765625	0.9295654296875	0.0704345703125	
0.5335637518264122	2.848558827707393	0.8138427734375	0.1861572265625	0.83251953125	0.16748046875	
0.5374830847182397	0.44859559797880877	0.7978515625	0.2021484375	0.813232421875	0.186767578125	
0.5413768120844649	4.331817675429697	0.930419921875	0.069580078125	0.9422607421875	0.0577392578125	
0.5452454872186283	1.9318544457009992	0.7005615234375	0.2994384765625	0.724609375	0.275390625	
0.5490896443540264	5.815076523152001	0.9140625	0.0859375	0.8936767578125	0.1063232421875	
0.5529097995701495	3.4151132934233033	0.877685546875	0.122314453125	0.8968505859375	0.1031494140625	
0.5567064516444866	1.0151500636946054	0.713623046875	0.286376953125	0.7547607421875	0.2452392578125	
0.5604800828536683	4.898372141145607	0.9454345703125	0.0545654296875	0.943359375	0.056640625	
0.5642311597275819	2.4984089114169095	0.7655029296875	0.2344970703125	0.7874755859375	0.2125244140625	
0.5679601337597863	0.09844568168832524	0.853515625	0.146484375	0.85693359375	0.14306640625	
0.5716674420772829	3.9816677591392136	0.9241943359375	0.0758056640625	0.9334716796875	0.0665283203125	
0.5753535080724484	1.5817045294105156	0.6787109375	0.3212890625	0.7220458984375	0.2779541015625	
0.5790187419997065	5.464926606861518	0.932861328125	0.067138671875	0.9266357421875	0.0733642578125	
0.5826635415393151	3.0649633771328197	0.8460693359375	0.1539306640625	0.8580322265625	0.1419677734375	
0.5862882923304565	0.6650001474042355	0.755615234375	0.244384765625	0.7999267578125	0.2000732421875	
0.589893368475647	4.548222224855124	0.940185546875	0.059814453125	0.9486083984375	0.0513916015625	
0.5934791330183289	2.148258995126426	0.7205810546875	0.2794189453125	0.7396240234375	0.2603759765625	
0.5970459383953688	6.031481072577428	0.8973388671875	0.1026611328125	0.878662109375	0.121337890625	
0.6005941268660511	3.63151784284873	0.8978271484375	0.1021728515625	0.9158935546875	0.0841064453125	
0.6041240309190441	1.2315546131201458	0.6806640625	0.3193359375	0.7296142578125	0.2703857421875	
0.6076359736587041	5.114776690571034	0.946044921875	0.053955078125	0.943359375	0.056640625	
0.6111302691719837	2.714813460842336	0.795654296875	0.204345703125	0.80908203125	0.19091796875	
0.6146072228771229	0.314850231113752	0.8193359375	0.1806640625	0.8248291015625	0.1751708984375	
0.6180671318552149	4.19807230856464	0.9371337890625	0.0628662109375	0.93798828125	0.06201171875	
0.621510285165663	1.798109078836056	0.68017578125	0.31982421875	0.714111328125	0.285888671875	
0.6249369641464748	5.681331156286944	0.929443359375	0.070556640625	0.9129638671875	0.0870361328125	
0.628347442700275	3.2813679265582465	0.8670654296875	0.1329345703125	0.8812255859375	0.1187744140625	
0.6317419875668575	0.8814046968296623	0.718505859375	0.281494140625	0.7662353515625	0.2337646484375	
0.6351208585830428	4.764626774280551	0.9500732421875	0.0499267578125	0.945068359375	0.054931640625	
0.6384843089305557	2.3646635445518527	0.743408203125	0.256591796875	0.76318359375	0.23681640625	
0.6418325853725916	6.247885622002855	0.8701171875	0.1298828125	0.8631591796875	0.1368408203125	
0.6451659284796949	3.8479223922741568	0.925537109375	0.074462890625	0.9320068359375	0.0679931640625	
0.6484845728455342	1.4479591625455726	0.655517578125	0.344482421875	0.715576171875	0.284423828125	
0.6517887472931206	5.331181239996461	0.94482421875	0.05517578125	0.93359375	0.06640625	
0.6550786750719828	2.931218010267763	0.8250732421875	0.1749267578125	0.837646484375	0.162353515625	
0.6583545740467738	0.531254780539065	0.779541015625	0.220458984375	0.7886962890625	0.2113037109375	
0.6616166568777674	4.414476857990181	0.94482421875	0.05517578125	0.9508056640625	0.0491943359375	
0.6648651311936598	2.014513628261483	0.6956787109375	0.3043212890625	0.715087890625	0.284912109375	
0.6681001997570769	5.897735705712371	0.9168701171875	0.0831298828125	0.8946533203125	0.1053466796875	
0.6713220606231594	3.4977724759836732	0.893798828125	0.106201171875	0.91650390625	0.08349609375	
0.6745309072915744	1.0978092462549753	0.6912841796875	0.3087158203125	0.7286376953125	0.2713623046875	
0.6777269288522859	4.981031323706091	0.953369140625	0.046630859375	0.9508056640625	0.0491943359375	
0.6809103101253934	2.581068093977393	0.7713623046875	0.2286376953125	0.779296875	0.220703125	
0.6840812317953292	0.1811048642486952	0.84326171875	0.15673828125	0.84228515625	0.15771484375	
0.6872398705396934	4.0643269416995835	0.93505859375	0.06494140625	0.9437255859375	0.0562744140625	
0.6903863991529825	1.6643637119708856	0.6571044921875	0.3428955078125	0.6898193359375	0.3101806640625	
0.6935209866654591	5.547585789422001	0.939697265625	0.060302734375	0.922607421875	0.077392578125	
0.6966437984573931	3.1476225596933034	0.849365234375	0.150634765625	0.8675537109375	0.1324462890625	
0.6997549963688922	0.7476593299646055	0.7337646484375	0.2662353515625	0.771240234375	0.228759765625	
0.7028547388055284	4.630881407415494	0.955322265625	0.044677734375	0.9610595703125	0.0389404296875	
0.705943180839956	2.230918177686796	0.7071533203125	0.2928466796875	0.7403564453125	0.2596435546875	
0.7090204743097038	6.114140255137912	0.8963623046875	0.1036376953125	0.8697509765625	0.1302490234375	
0.7120867679113184	3.7141770254092137	0.916748046875	0.083251953125	0.9266357421875	0.0733642578125	
0.7151422072910205	1.3142137956805158	0.6573486328125	0.3426513671875	0.6865234375	0.3134765625	
0.7181869351320339	5.197435873131404	0.95458984375	0.04541015625	0.947265625	0.052734375	
0.7212210912387326	2.797472643402706	0.79541015625	0.20458984375	0.8143310546875	0.1856689453125	
0.7242448126177484	0.39750941367423565	0.804931640625	0.195068359375	0.8133544921875	0.1866455078125	
0.7272582335561705	4.280731491125124	0.9459228515625	0.0540771484375	0.952880859375	0.047119140625	
0.7302614856969648	1.880768261396426	0.670166015625	0.329833984375	0.688232421875	0.311767578125	
0.7332546981117319	5.763990338847314	0.9315185546875	0.0684814453125	0.9122314453125	0.0877685546875	
0.7362379973709176	3.3640271091186165	0.88671875	0.11328125	0.89599609375	0.10400390625	
0.7392115076115848	0.9640638793899186	0.6866455078125	0.3133544921875	0.7366943359375	0.2633056640625	
0.7421753506028488	4.847285956841034	0.9583740234375	0.0416259765625	0.958984375	0.041015625	
0.7451296458090736	2.4473227271123363	0.744384765625	0.255615234375	0.7720947265625	0.2279052734375	
0.7480745104509228	0.04735949738363843	0.864501953125	0.135498046875	0.853759765625	0.146240234375	
0.7510100595643524	3.9305815748345267	0.935546875	0.064453125	0.94580078125	0.05419921875	
0.7539364060576315	1.5306183451058288	0.6319580078125	0.3680419921875	0.6673583984375	0.3326416015625	
0.7568536607664671	5.4138404225569445	0.9482421875	0.0517578125	0.9420166015625	0.0579833984375	
0.759761932507315	3.0138771928282466	0.8402099609375	0.1597900390625	0.8564453125	0.1435546875	
0.7626613281289439	0.6139139630995487	0.757568359375	0.242431640625	0.7822265625	0.2177734375	
0.7655519525623249	4.497136040550437	0.9564208984375	0.0435791015625	0.9635009765625	0.0364990234375	
0.7684339088689119	2.097172810821739	0.683349609375	0.316650390625	0.69775390625	0.30224609375	
0.7713072982873764	5.980394888272855	0.910888671875	0.089111328125	0.89453125	0.10546875	
0.774172220278855	3.580431658544157	0.9072265625	0.0927734375	0.9207763671875	0.0792236328125	
0.7770287725707689	1.180468428815459	0.6492919921875	0.3507080078125	0.7066650390625	0.2933349609375	
0.7798770511992683	5.063690506266347	0.959716796875	0.040283203125	0.952392578125	0.047607421875	
0.7827171505503572	2.6637272765376494	0.7708740234375	0.2291259765625	0.80908203125	0.19091796875	
0.7855491633997435	0.26376404680917886	0.8160400390625	0.1839599609375	0.82080078125	0.17919921875	
0.7883731809514675	4.146986124260067	0.94775390625	0.05224609375	0.9530029296875	0.0469970703125	
0.79118929287535	1.7470228945313693	0.6414794921875	0.3585205078125	0.668212890625	0.331787109375	
0.793997587343307	5.630244971982258	0.9422607421875	0.0577392578125	0.9244384765625	0.0755615234375	
0.7967981510645709	3.2302817422535597	0.8626708984375	0.1373291015625	0.8857421875	0.1142578125	
0.7995910693198574	0.8303185125250891	0.702880859375	0.297119140625	0.7392578125	0.2607421875	
0.8023764259945194	4.7135405899759775	0.95654296875	0.04345703125	0.9620361328125	0.0379638671875	
0.8051543036107215	2.3135773602472796	0.71435546875	0.28564453125	0.7288818359375	0.2711181640625	
0.8079247833586707	6.196799437698168	0.8848876953125	0.1151123046875	0.861083984375	0.138916015625	
0.8106879451269388	3.79683620796947	0.9305419921875	0.0694580078125	0.9381103515625	0.0618896484375	
0.8134438675319061	1.3968729782409994	0.6234130859375	0.3765869140625	0.663818359375	0.336181640625	
0.8161926279463589	5.280095055691888	0.964111328125	0.035888671875	0.95166015625	0.04833984375	
0.8189343025272698	2.88013182596319	0.8111572265625	0.1888427734375	0.8243408203125	0.1756591796875	
0.8216689662427893	0.48016859623449193	0.790771484375	0.209228515625	0.7867431640625	0.2132568359375	
0.8243966928984756	4.36339067368538	0.9564208984375	0.0435791015625	0.9576416015625	0.0423583984375	
0.8271175551627891	1.9634274439569097	0.658203125	0.341796875	0.6722412109375	0.3277587890625	
0.8298316245918765	5.846649521407798	0.9351806640625	0.0648193359375	0.91650390625	0.08349609375	
0.8325389716536687	3.4466862916791	0.8966064453125	0.1033935546875	0.9127197265625	0.0872802734375	
0.8352396657513146	1.0467230619504022	0.654541015625	0.345458984375	0.706787109375	0.293212890625	
0.837933775245975	4.9299451394012905	0.96142578125	0.03857421875	0.9630126953125	0.0369873046875	
0.8406213674789956	2.52998190967282	0.74169921875	0.25830078125	0.7789306640625	0.2210693359375	
0.8433025087934816	0.13001867994412208	0.8499755859375	0.1500244140625	0.8370361328125	0.1629638671875	
0.8459772645552919	4.01324075739501	0.9432373046875	0.0567626953125	0.9564208984375	0.0435791015625	
0.8486456991734729	1.6132775276663125	0.6197509765625	0.3802490234375	0.6448974609375	0.3551025390625	
0.8513078761201499	5.496499605117201	0.955078125	0.044921875	0.94091796875	0.05908203125	
0.8539638579498936	3.096536375388503	0.8470458984375	0.1529541015625	0.8729248046875	0.1270751953125	
0.8566137063185778	0.6965731456600324	0.728271484375	0.271728515625	0.75	0.25	
0.8592574820017457	4.579795223110921	0.96337890625	0.03662109375	0.967041015625	0.032958984375	
0.8618952449124999	2.1798319933822228	0.6697998046875	0.3302001953125	0.7156982421875	0.2843017578125	
0.8645270541189306	6.063054070833111	0.9130859375	0.0869140625	0.884521484375	0.115478515625	
0.8671529678610972	3.663090841104413	0.9205322265625	0.0794677734375	0.934326171875	0.065673828125	
0.869773043567577	1.2631276113759426	0.6260986328125	0.3739013671875	0.6717529296875	0.3282470703125	
0.8723873378715946	5.146349688826831	0.96142578125	0.03857421875	0.9608154296875	0.0391845703125	
0.8749959066267438	2.746386459098133	0.7803955078125	0.2196044921875	0.812255859375	0.187744140625	
0.8775988049223162	0.34642322936943515	0.8126220703125	0.1873779296875	0.799072265625	0.200927734375	
0.8801960870982479	4.2296453068203235	0.954345703125	0.045654296875	0.9622802734375	0.0377197265625	
0.8827878067596949	1.829682077091853	0.6324462890625	0.3675537109375	0.6470947265625	0.3529052734375	
0.8853740167912493	5.712904154542741	0.9451904296875	0.0548095703125	0.9345703125	0.0654296875	
0.8879547693708074	3.3129409248140433	0.8834228515625	0.1165771484375	0.9027099609375	0.0972900390625	
0.8905301159830994	0.9129776950853454	0.6885986328125	0.3114013671875	0.7144775390625	0.2855224609375	
0.8931001074328907	4.796199772536234	0.9652099609375	0.0347900390625	0.9696044921875	0.0303955078125	
0.8956647938578649	2.396236542807763	0.72265625	0.27734375	0.731201171875	0.268798828125	
0.898224224741198	6.2794586202586515	0.8629150390625	0.1370849609375	0.8568115234375	0.1431884765625	
0.900778448923832	3.8794953905299536	0.9376220703125	0.0623779296875	0.9554443359375	0.0445556640625	
0.9033275146164571	1.4795321608012557	0.6009521484375	0.3990478515625	0.6451416015625	0.3548583984375	
0.9058714694112119	5.362754238252144	0.96044921875	0.03955078125	0.953369140625	0.046630859375	
0.9084103602931075	2.9627910085236735	0.8192138671875	0.1807861328125	0.8448486328125	0.1551513671875	
0.9109442336511855	0.5628277787949756	0.7659912109375	0.2340087890625	0.7646484375	0.2353515625	
0.9134731352894161	4.446049856245864	0.9635009765625	0.0364990234375	0.96875	0.03125	
0.9159971104373448	2.046086626517166	0.6533203125	0.3466796875	0.67333984375	0.32666015625	
0.9185162037604934	5.929308703968054	0.9234619140625	0.0765380859375	0.9144287109375	0.0855712890625	
0.9210304593705237	3.529345474239584	0.9090576171875	0.0909423828125	0.9259033203125	0.0740966796875	
0.9235399208351693	1.1293822445108859	0.6259765625	0.3740234375	0.679443359375	0.320556640625	
0.9260446311879422	5.012604321961774	0.968017578125	0.031982421875	0.971435546875	0.028564453125	
0.9285446329376215	2.6126410922330763	0.746337890625	0.253662109375	0.780029296875	0.219970703125	
0.9310399680775279	0.21267786250460574	0.8353271484375	0.1646728515625	0.83056640625	0.16943359375	
0.9335306780945928	4.095899939955494	0.9500732421875	0.0499267578125	0.967041015625	0.032958984375	
0.9360168039782247	1.6959367102267962	0.6103515625	0.3896484375	0.6309814453125	0.3690185546875	
0.938498386228981	5.5791587876776845	0.9561767578125	0.0438232421875	0.9415283203125	0.0584716796875	
0.9409754648670474	3.1791955579489866	0.8609619140625	0.1390380859375	0.8846435546875	0.1153564453125	
0.9434480794405338	0.7792323282202887	0.703125	0.296875	0.7296142578125	0.2703857421875	
0.9459162690335879	4.662454405671177	0.970703125	0.029296875	0.9737548828125	0.0262451171875	
0.9483800722743347	2.262491175942479	0.6865234375	0.3134765625	0.7137451171875	0.2862548828125	
0.950839527342643	6.145713253393367	0.8985595703125	0.1014404296875	0.876220703125	0.123779296875	
0.9532946719777265	3.745750023665124	0.9339599609375	0.0660400390625	0.9437255859375	0.0562744140625	
0.9557455434855832	1.3457867939364263	0.583740234375	0.416259765625	0.6474609375	0.3525390625	
0.9581921787462742	5.229008871387315	0.968994140625	0.031005859375	0.9669189453125	0.0330810546875	
0.960634614221052	2.8290456416586167	0.7926025390625	0.2073974609375	0.8214111328125	0.1785888671875	
0.963072885959336	0.4290824119299188	0.78466796875	0.21533203125	0.790283203125	0.209716796875	
0.9655070296055432	4.312304489380807	0.9644775390625	0.0355224609375	0.9715576171875	0.0284423828125	
0.9679370804057764	1.9123412596521092	0.6331787109375	0.3668212890625	0.6468505859375	0.3531494140625	
0.9703630732143733	5.7955633371029975	0.942138671875	0.057861328125	0.9278564453125	0.0721435546875	
0.9727850425003206	3.3956001073742996	0.893798828125	0.106201171875	0.9139404296875	0.0860595703125	
0.9752030223535363	0.9956368776456017	0.647705078125	0.352294921875	0.69140625	0.30859375	
0.9776170464910231	4.878858955096945	0.97314453125	0.02685546875	0.9757080078125	0.0242919921875	
0.980027148262897	2.478895725368247	0.7198486328125	0.2801513671875	0.7462158203125	0.2537841796875	
0.9824333606582936	0.07893249563954896	0.860595703125	0.139404296875	0.8388671875	0.1611328125	
0.9848357163111541	3.9621545730904373	0.9427490234375	0.0572509765625	0.96240234375	0.03759765625	
0.9872342475058975	1.5621913433617394	0.587646484375	0.412353515625	0.6160888671875	0.3839111328125	
0.9896289861829767	5.445413420812628	0.9642333984375	0.0357666015625	0.9537353515625	0.0462646484375	
0.992019963944326	3.04545019108393	0.8421630859375	0.1578369140625	0.849365234375	0.150634765625	
0.9944072120586995	0.6454869613552319	0.728759765625	0.271240234375	0.7242431640625	0.2757568359375	
0.9967907614669049	4.52870903880612	0.9635009765625	0.0364990234375	0.9718017578125	0.0281982421875	
0.9991706427869339	2.1287458090774223	0.641845703125	0.358154296875	0.65869140625	0.34130859375	
1.0015468863189931	6.011967886528765	0.9110107421875	0.0889892578125	0.8931884765625	0.1068115234375	
1.0039195220504362	3.6120046568000674	0.9215087890625	0.0784912109375	0.93310546875	0.06689453125	
1.0062885796606011	1.2120414270713695	0.595458984375	0.404541015625	0.6146240234375	0.3853759765625	
1.0086540885255542	5.095263504522258	0.9686279296875	0.0313720703125	0.973388671875	0.026611328125	
1.0110160777227413	2.69530027479356	0.759033203125	0.240966796875	0.784423828125	0.215576171875	
1.0133745760355535	0.295337045064862	0.8140869140625	0.1859130859375	0.78955078125	0.21044921875	
1.0157296119578028	4.17855912251575	0.9591064453125	0.0408935546875	0.964599609375	0.035400390625	
1.0180812136981134	1.7785958927870524	0.5977783203125	0.4022216796875	0.5848388671875	0.4151611328125	
1.0204294091842325	5.661817970237941	0.95263671875	0.04736328125	0.939697265625	0.060302734375	
1.0227742260672568	3.261854740509243	0.86865234375	0.13134765625	0.8868408203125	0.1131591796875	
1.0251156917257827	0.8618915107805449	0.6632080078125	0.3367919921875	0.6851806640625	0.3148193359375	
1.027453833269977	4.745113588231888	0.9683837890625	0.0316162109375	0.9754638671875	0.0245361328125	
1.0297886775455745	2.34515035850319	0.6807861328125	0.3192138671875	0.697998046875	0.302001953125	
1.032120251137799	6.228372435954078	0.8885498046875	0.1114501953125	0.8526611328125	0.1473388671875	
1.0344485803752148	3.8284092062253805	0.9349365234375	0.0650634765625	0.9512939453125	0.0487060546875	
1.0367736913335057	1.4284459764966826	0.5714111328125	0.4285888671875	0.5765380859375	0.4234619140625	
1.039095609839187	5.311668053947571	0.9659423828125	0.0340576171875	0.9659423828125	0.0340576171875	
1.0414143614732476	2.911704824218873	0.808837890625	0.191162109375	0.824462890625	0.175537109375	
1.0437299715747295	0.5117415944901751	0.760986328125	0.239013671875	0.743896484375	0.256103515625	
1.0460424652442393	4.394963671941063	0.965576171875	0.034423828125	0.9744873046875	0.0255126953125	
1.0483518673474	1.9950004422123655	0.615478515625	0.384521484375	0.6207275390625	0.3792724609375	
1.050658202518239	5.878222519663709	0.9329833984375	0.0670166015625	0.9141845703125	0.0858154296875	
1.0529614951625175	3.4782592899350107	0.8958740234375	0.1041259765625	0.9228515625	0.0771484375	
1.0552617694609985	1.0782960602063127	0.6171875	0.3828125	0.64599609375	0.35400390625	
1.0575590493726608	4.961518137657201	0.966552734375	0.033447265625	0.9755859375	0.0244140625	
1.059853358637853	2.561554907928503	0.722412109375	0.277587890625	0.7464599609375	0.2535400390625	
1.062144720781395	0.16159167819980524	0.8472900390625	0.1527099609375	0.8067626953125	0.1932373046875	
1.064433159115624	4.044813755650694	0.955810546875	0.044189453125	0.9617919921875	0.0382080078125	
1.0667186967433886	1.6448505259219957	0.57275390625	0.42724609375	0.5701904296875	0.4298095703125	
1.0690013565609897	5.528072603372884	0.9530029296875	0.0469970703125	0.9498291015625	0.0501708984375	
1.0712811612610742	3.128109373644186	0.843505859375	0.156494140625	0.8685302734375	0.1314697265625	
1.073558133335474	0.7281461439159429	0.6993408203125	0.3006591796875	0.69384765625	0.30615234375	
1.0758322950780022	4.611368221366831	0.969970703125	0.030029296875	0.9775390625	0.0224609375	
1.0781036685871965	2.2114049916381333	0.6429443359375	0.3570556640625	0.664794921875	0.335205078125	
1.0803722757690213	6.094627069089022	0.90478515625	0.09521484375	0.8717041015625	0.1282958984375	
1.0826381383395203	3.6946638393603237	0.9298095703125	0.0701904296875	0.9454345703125	0.0545654296875	
1.084901277827426	1.2947006096316258	0.57470703125	0.42529296875	0.598876953125	0.401123046875	
1.0871617155767266	5.177922687082514	0.9698486328125	0.0301513671875	0.9705810546875	0.0294189453125	
1.0894194727491882	2.777959457353816	0.76806640625	0.23193359375	0.7884521484375	0.2115478515625	
1.0916745703268376	0.3779962276251183	0.79150390625	0.20849609375	0.7603759765625	0.2396240234375	
1.0939270291144008	4.261218305076007	0.963623046875	0.036376953125	0.9737548828125	0.0262451171875	
1.0961768697417058	1.8612550753477635	0.5987548828125	0.4012451171875	0.5816650390625	0.4183349609375	
1.098424112666042	5.744477152798652	0.946044921875	0.053955078125	0.93310546875	0.06689453125	
1.1006687781744824	3.344513923069954	0.8812255859375	0.1187744140625	0.9100341796875	0.0899658203125	
1.1029108863861707	0.944550693341256	0.635986328125	0.364013671875	0.6502685546875	0.3497314453125	
1.1051504572545667	4.827772770792144	0.9732666015625	0.0267333984375	0.9775390625	0.0224609375	
1.1073875105696596	2.4278095410634464	0.693603515625	0.306396484375	0.714111328125	0.285888671875	
1.109622065960143	0.027846311334748464	0.8585205078125	0.1414794921875	0.8331298828125	0.1668701171875	
1.1118541428955573	3.911068388785637	0.9442138671875	0.0557861328125	0.9622802734375	0.0377197265625	
1.1140837606883964	1.5111051590569389	0.556640625	0.443359375	0.569580078125	0.430419921875	
1.1163109384961818	5.394327236507827	0.9647216796875	0.0352783203125	0.9625244140625	0.0374755859375	
1.1185356953235035	2.9943640067791293	0.82275390625	0.17724609375	0.84375	0.15625	
1.1207580500240295	0.5944007770508861	0.729248046875	0.270751953125	0.72119140625	0.27880859375	
1.122978021302483	4.477622854501774	0.9674072265625	0.0325927734375	0.977783203125	0.022216796875	
1.1251956277165887	2.0776596247730765	0.623046875	0.376953125	0.62060546875	0.37939453125	
1.12741088767899	5.960881702223965	0.9310302734375	0.0689697265625	0.9007568359375	0.0992431640625	
1.1296238194591353	3.560918472495267	0.9168701171875	0.0831298828125	0.9356689453125	0.0643310546875	
1.131834441185136	1.160955242766569	0.58935546875	0.41064453125	0.61865234375	0.38134765625	
1.134042770845595	5.044177320217457	0.9722900390625	0.0277099609375	0.980224609375	0.019775390625	
1.136248826291408	2.6442140904887594	0.739990234375	0.260009765625	0.7630615234375	0.2369384765625	
1.1384526252375387	0.24425086076006153	0.8153076171875	0.1846923828125	0.7838134765625	0.2161865234375	
1.140654185264763	4.12747293821095	0.954833984375	0.045166015625	0.972412109375	0.027587890625	
1.1428535238213908	1.7275097084827067	0.5677490234375	0.4322509765625	0.563232421875	0.436767578125	
1.145050658224961	5.610731785933595	0.9583740234375	0.0416259765625	0.9468994140625	0.0531005859375	
1.1472456056639098	3.210768556204897	0.8614501953125	0.1385498046875	0.890869140625	0.109130859375	
1.1494383831992143	0.8108053264761992	0.67138671875	0.32861328125	0.6710205078125	0.3289794921875	
1.1516290077660134	4.6940274039270875	0.974609375	0.025390625	0.9837646484375	0.0162353515625	
1.1538174961752026	2.2940641741983896	0.6563720703125	0.3436279296875	0.6724853515625	0.3275146484375	
1.1560038651150064	6.177286251649278	0.8846435546875	0.1153564453125	0.8519287109375	0.1480712890625	
1.1581881311525277	3.77732302192058	0.936767578125	0.063232421875	0.9547119140625	0.0452880859375	
1.160370310735273	1.377359792191882	0.546142578125	0.453857421875	0.57275390625	0.42724609375	
1.1625504201926575	5.26058186964277	0.973388671875	0.026611328125	0.970458984375	0.029541015625	
1.164728475737487	2.8606186399145273	0.79248046875	0.20751953125	0.819091796875	0.180908203125	
1.1669044934674182	0.46065541018582934	0.7568359375	0.2431640625	0.745849609375	0.254150390625	
1.1690784893663992	4.343877487636718	0.968505859375	0.031494140625	0.9757080078125	0.0242919921875	
1.1712504793060883	1.9439142579080197	0.5899658203125	0.4100341796875	0.5958251953125	0.4041748046875	
1.1734204790472522	5.827136335358908	0.94189453125	0.05810546875	0.9288330078125	0.0711669921875	
1.1755885042411451	3.42717310563021	0.906005859375	0.093994140625	0.924560546875	0.075439453125	
1.1777545704308687	1.0272098759015122	0.6207275390625	0.3792724609375	0.633544921875	0.366455078125	
1.1799186930527112	4.910431953352401	0.9747314453125	0.0252685546875	0.97900390625	0.02099609375	
1.1820808874374693	2.5104687236237027	0.715576171875	0.284423828125	0.718994140625	0.281005859375	
1.1842411688117505	0.11050549389500475	0.85205078125	0.14794921875	0.808349609375	0.191650390625	
1.1863995522992576	3.993727571346348	0.9578857421875	0.0421142578125	0.9700927734375	0.0299072265625	
1.188556052922056	1.59376434161765	0.5545654296875	0.4454345703125	0.5411376953125	0.4588623046875	
1.1907106856018224	5.476986419068538	0.9656982421875	0.0343017578125	0.9609375	0.0390625	
1.1928634651610763	3.0770231893398403	0.8404541015625	0.1595458984375	0.8668212890625	0.1331787109375	
1.1950144063243957	0.6770599596111424	0.702392578125	0.297607421875	0.6871337890625	0.3128662109375	
1.1971635237196157	4.560282037062031	0.9747314453125	0.0252685546875	0.982666015625	0.017333984375	
1.1993108318790093	2.160318807333333	0.636474609375	0.363525390625	0.63330078125	0.36669921875	
1.2014563452404552	6.043540884784221	0.9146728515625	0.0853271484375	0.8919677734375	0.1080322265625	
1.2036000781485863	3.6435776550555232	0.9268798828125	0.0731201171875	0.9505615234375	0.0494384765625	
1.2057420448559264	1.2436144253268253	0.5621337890625	0.4378662109375	0.5875244140625	0.4124755859375	
1.2078822595240082	5.126836502777714	0.9759521484375	0.0240478515625	0.974853515625	0.025146484375	
1.2100207362244788	2.7268732730494705	0.7662353515625	0.2337646484375	0.7784423828125	0.2215576171875	
1.2121574889401898	0.32691004332077256	0.7987060546875	0.2012939453125	0.764404296875	0.235595703125	
1.2142925315662723	4.210132120771661	0.970458984375	0.029541015625	0.9776611328125	0.0223388671875	
1.2164258779111994	1.810168891042963	0.5657958984375	0.4342041015625	0.5653076171875	0.4346923828125	
1.218557541697832	5.693390968493851	0.9537353515625	0.0462646484375	0.9404296875	0.0595703125	
1.2206875365644543	3.2934277387651534	0.8785400390625	0.1214599609375	0.906982421875	0.093017578125	
1.2228158760657937	0.8934645090364555	0.6424560546875	0.3575439453125	0.6497802734375	0.3502197265625	
1.2249425736740274	4.776686586487344	0.9747314453125	0.0252685546875	0.9801025390625	0.0198974609375	
1.2270676427797764	2.376723356758646	0.6629638671875	0.3370361328125	0.695556640625	0.304443359375	
1.229191096693089	6.259945434209534	0.8763427734375	0.1236572265625	0.8421630859375	0.1578369140625	
1.2313129486444065	3.859982204481291	0.9482421875	0.0517578125	0.9652099609375	0.0347900390625	
1.2334332117855218	1.4600189747525931	0.543701171875	0.456298828125	0.55078125	0.44921875	
1.2355518991905239	5.3432410522034814	0.9703369140625	0.0296630859375	0.966796875	0.033203125	
1.237669023856729	2.9432778224747835	0.809326171875	0.190673828125	0.8448486328125	0.1551513671875	
1.2397845987056022	0.5433145927460856	0.742919921875	0.257080078125	0.7196044921875	0.2803955078125	
1.2418986365836666	4.426536670196974	0.97607421875	0.02392578125	0.9813232421875	0.0186767578125	
1.2440111502634013	2.026573440468276	0.5994873046875	0.4005126953125	0.6025390625	0.3974609375	
1.2461221524441275	5.909795517919164	0.9276123046875	0.0723876953125	0.907470703125	0.092529296875	
1.2482316557528856	3.5098322881904664	0.91162109375	0.08837890625	0.9339599609375	0.0660400390625	
1.250339672745299	1.1098690584617685	0.59130859375	0.40869140625	0.607177734375	0.392822265625	
1.2524462159064285	4.993091135913112	0.9742431640625	0.0257568359375	0.983154296875	0.016845703125	
1.2545512976516182	2.5931279061844137	0.718505859375	0.281494140625	0.7440185546875	0.2559814453125	
1.256654930327327	0.19316467645571578	0.8306884765625	0.1693115234375	0.79638671875	0.20361328125	
1.258757126211954	4.076386753906604	0.963623046875	0.036376953125	0.9749755859375	0.0250244140625	
1.2608578975166511	1.6764235241779062	0.558837890625	0.441162109375	0.5357666015625	0.4642333984375	
1.2629572563861287	5.5596456016287945	0.9691162109375	0.0308837890625	0.9600830078125	0.0399169921875	
1.2650552148994485	3.1596823719000966	0.8511962890625	0.1488037109375	0.88916015625	0.11083984375	
1.26715178507081	0.7597191421713987	0.6761474609375	0.3238525390625	0.666748046875	0.333251953125	
1.269246978850326	4.642941219622287	0.975341796875	0.024658203125	0.9808349609375	0.0191650390625	
1.2713408081247888	2.242977989893589	0.630126953125	0.369873046875	0.6478271484375	0.3521728515625	
1.2734332847184289	6.126200067344932	0.9034423828125	0.0965576171875	0.8717041015625	0.1282958984375	
1.2755244203936633	3.7262368376162343	0.944580078125	0.055419921875	0.95361328125	0.04638671875	
1.2776142268518365	1.3262736078875363	0.5552978515625	0.4447021484375	0.5697021484375	0.4302978515625	
1.279702715733952	5.209495685338425	0.9755859375	0.0244140625	0.977783203125	0.022216796875	
1.2817898986213954	2.8095324556097268	0.7750244140625	0.2249755859375	0.800048828125	0.199951171875	
1.2838757870366502	0.40956922588102884	0.767822265625	0.232177734375	0.74658203125	0.25341796875	
1.2859603924440046	4.292791303331917	0.9697265625	0.0302734375	0.9783935546875	0.0216064453125	
1.2880437262502509	1.8928280736032193	0.5677490234375	0.4322509765625	0.5706787109375	0.4293212890625	
1.2901257998053761	5.776050151054108	0.9456787109375	0.0543212890625	0.935302734375	0.064697265625	
1.292206624403246	3.3760869213254097	0.8917236328125	0.1082763671875	0.9195556640625	0.0804443359375	
1.294286211282281	0.9761236915967118	0.6221923828125	0.3778076171875	0.6319580078125	0.3680419921875	
1.296364571626125	4.859345769048055	0.977783203125	0.022216796875	0.9844970703125	0.0155029296875	
1.298441716564305	2.459382539319357	0.6826171875	0.3173828125	0.7030029296875	0.2969970703125	
1.300517657172887	0.059419309590659	0.8558349609375	0.1441650390625	0.814453125	0.185546875	
1.3025924044751211	3.9426413870415473	0.958984375	0.041015625	0.97216796875	0.02783203125	
1.304665969442083	1.5426781573128494	0.5394287109375	0.4605712890625	0.5361328125	0.4638671875	
1.306738362993305	5.425900234763738	0.97509765625	0.02490234375	0.97265625	0.02734375	
1.3088095959974027	3.02593700503504	0.8204345703125	0.1795654296875	0.85546875	0.14453125	
1.3108796792726953	0.6259737753063419	0.7225341796875	0.2774658203125	0.6966552734375	0.3033447265625	
1.3129486235878178	4.50919585275723	0.97412109375	0.02587890625	0.9815673828125	0.0184326171875	
1.315016439662327	2.1092326230285323	0.6053466796875	0.3946533203125	0.6212158203125	0.3787841796875	
1.3170831381673025	5.992454700479875	0.9176025390625	0.0823974609375	0.8951416015625	0.1048583984375	
1.3191487297259394	3.5924914707511775	0.913818359375	0.086181640625	0.9429931640625	0.0570068359375	
1.3212132249141373	1.1925282410224796	0.5693359375	0.4306640625	0.5828857421875	0.4171142578125	
1.3232766342610807	5.075750318473368	0.976318359375	0.023681640625	0.9803466796875	0.0196533203125	
1.3253389682498151	2.67578708874467	0.7276611328125	0.2723388671875	0.7733154296875	0.2266845703125	
1.327400237317817	0.27582385901597206	0.7958984375	0.2041015625	0.767333984375	0.232666015625	
1.329460451857558	4.15904593646686	0.96142578125	0.03857421875	0.978759765625	0.021240234375	
1.3315196222170624	1.7590827067381625	0.5643310546875	0.4356689453125	0.540771484375	0.459228515625	
1.3335777587004614	5.642304784189051	0.9561767578125	0.0438232421875	0.9488525390625	0.0511474609375	
1.3356348715685384	3.242341554460353	0.868408203125	0.131591796875	0.90185546875	0.09814453125	
1.3376909710392733	0.8423783247321097	0.650634765625	0.349365234375	0.640625	0.359375	
1.3397460672883768	4.725600402182998	0.9761962890625	0.0238037109375	0.9832763671875	0.0167236328125	
1.3418001704498232	2.3256371724543	0.648681640625	0.351318359375	0.66650390625	0.33349609375	
1.3438532906163767	6.2088592499051884	0.8812255859375	0.1187744140625	0.85400390625	0.14599609375	
1.3459054378401112	3.8088960201764905	0.9434814453125	0.0565185546875	0.96044921875	0.03955078125	
1.347956622132928	1.4089327904477926	0.5350341796875	0.4649658203125	0.5457763671875	0.4542236328125	
1.350006853467066	5.292154867898681	0.9744873046875	0.0255126953125	0.9754638671875	0.0245361328125	
1.3520561417756087	2.892191638169983	0.78515625	0.21484375	0.8218994140625	0.1781005859375	
1.3541044969529858	0.4922284084412851	0.7403564453125	0.2596435546875	0.720458984375	0.279541015625	
1.3561519288554704	4.3754504858921734	0.9774169921875	0.0225830078125	0.9849853515625	0.0150146484375	
1.3581984473016708	1.9754872561639303	0.57666015625	0.42333984375	0.5787353515625	0.4212646484375	
1.3602440620730194	5.858709333614819	0.9400634765625	0.0599365234375	0.9207763671875	0.0792236328125	
1.3622887829142554	3.4587461038861207	0.9010009765625	0.0989990234375	0.9354248046875	0.0645751953125	
1.3643326195339043	1.0587828741574228	0.603515625	0.396484375	0.5947265625	0.4052734375	
1.3663755816047525	4.942004951608311	0.9783935546875	0.0216064453125	0.982666015625	0.017333984375	
1.3684176787643183	2.542041721879613	0.693115234375	0.306884765625	0.7421875	0.2578125	
1.370458920615318	0.14207849215091528	0.833740234375	0.166259765625	0.802001953125	0.197998046875	
1.3724993167261277	4.025300569601804	0.9609375	0.0390625	0.975341796875	0.024658203125	
1.3745388766312432	1.6253373398731057	0.541259765625	0.458740234375	0.5291748046875	0.4708251953125	
1.3765776098317326	5.508559417323994	0.964599609375	0.035400390625	0.9652099609375	0.0347900390625	
1.378615525795688	3.108596187595296	0.8453369140625	0.1546630859375	0.876708984375	0.123291015625	
1.3806526339586713	0.7086329578665982	0.6842041015625	0.3157958984375	0.67138671875	0.32861328125	
1.3826889437241572	4.5918550353174865	0.9776611328125	0.0223388671875	0.9833984375	0.0166015625	
1.3847244644639733	2.1918918055887886	0.6129150390625	0.3870849609375	0.6243896484375	0.3756103515625	
1.386759205518734	6.075113883039677	0.912353515625	0.087646484375	0.8853759765625	0.1146240234375	
1.3887931761982744	3.675150653310979	0.9405517578125	0.0594482421875	0.95068359375	0.04931640625	
1.3908263857820762	1.2751874235831906	0.537353515625	0.462646484375	0.5732421875	0.4267578125	
1.392858843519695	5.158409501034079	0.9775390625	0.0224609375	0.9814453125	0.0185546875	
1.3948905586311804	2.758446271305381	0.76318359375	0.23681640625	0.785400390625	0.214599609375	
1.3969215403074948	0.3584830415766831	0.7850341796875	0.2149658203125	0.7418212890625	0.2581787109375	
1.3989517977109287	4.241705119027571	0.970947265625	0.029052734375	0.978271484375	0.021728515625	
1.4009813399755107	1.8417418892988735	0.556640625	0.443359375	0.5511474609375	0.4488525390625	
1.403010176207418	5.724963966749762	0.9501953125	0.0498046875	0.9407958984375	0.0592041015625	
1.4050383154853803	3.325000737021064	0.8807373046875	0.1192626953125	0.916259765625	0.083740234375	
1.4070657668610829	0.925037507292366	0.635498046875	0.364501953125	0.6087646484375	0.3912353515625	
1.4090925393595655	4.808259584743254	0.9761962890625	0.0238037109375	0.984375	0.015625	
1.4111186419796187	2.4082963550145564	0.6656494140625	0.3343505859375	0.6888427734375	0.3111572265625	
1.4131440836941773	0.0083331252858585	0.867431640625	0.132568359375	0.83544921875	0.16455078125	
1.415168873450711	3.891555202736747	0.95361328125	0.04638671875	0.969970703125	0.030029296875	
1.4171930201716119	1.491591973008049	0.5303955078125	0.4696044921875	0.5299072265625	0.4700927734375	
1.419216532754579	5.374814050458937	0.9735107421875	0.0264892578125	0.9710693359375	0.0289306640625	
1.4212394200730012	2.9748508207302393	0.808837890625	0.191162109375	0.8388671875	0.1611328125	
1.423261690976337	0.5748875910015414	0.7159423828125	0.2840576171875	0.6845703125	0.3154296875	
1.42528335429049	4.45810966845243	0.976806640625	0.023193359375	0.9827880859375	0.0172119140625	
1.427304418818185	2.058146438723732	0.5819091796875	0.4180908203125	0.5888671875	0.4111328125	
1.4293248933393385	5.94136851617462	0.92724609375	0.07275390625	0.9097900390625	0.0902099609375	
1.431344786611429	3.5414052864468317	0.919189453125	0.080810546875	0.9412841796875	0.0587158203125	
1.4333641073698633	1.1414420567181338	0.583251953125	0.416748046875	0.572021484375	0.427978515625	
1.435382864328341	5.024664134169022	0.976806640625	0.023193359375	0.9818115234375	0.0181884765625	
1.4374010661792174	2.6247009044403242	0.71826171875	0.28173828125	0.75537109375	0.24462890625	
1.4394187215938623	0.2247376747116263	0.8082275390625	0.1917724609375	0.7762451171875	0.2237548828125	
1.4414358392230187	4.107959752162515	0.96728515625	0.03271484375	0.9791259765625	0.0208740234375	
1.4434524276971574	1.7079965224338167	0.5413818359375	0.4586181640625	0.5343017578125	0.4656982421875	
1.445468495626831	5.591218599884705	0.9617919921875	0.0382080078125	0.9586181640625	0.0413818359375	
1.4474840516030247	3.191255370156007	0.85693359375	0.14306640625	0.8956298828125	0.1043701171875	
1.449499104197504	0.7912921404273092	0.66845703125	0.33154296875	0.635498046875	0.364501953125	
1.4515136619631646	4.6745142178781975	0.979248046875	0.020751953125	0.9869384765625	0.0130615234375	
1.4535277334343746	2.2745509881494996	0.6297607421875	0.3702392578125	0.6383056640625	0.3616943359375	
1.455541327127319	6.157773065600388	0.8907470703125	0.1092529296875	0.86572265625	0.13427734375	
1.4575544515403405	3.75780983587169	0.940185546875	0.059814453125	0.9632568359375	0.0367431640625	
1.4595671151542782	1.3578466061429921	0.53857421875	0.46142578125	0.5533447265625	0.4466552734375	
1.4615793264328059	5.2410686835938805	0.97314453125	0.02685546875	0.97900390625	0.02099609375	
1.463591093822767	2.8411054538651825	0.77392578125	0.22607421875	0.8179931640625	0.1820068359375	
1.4656024257545082	0.44114222413648463	0.760498046875	0.239501953125	0.71826171875	0.28173828125	
1.467613330642212	4.324364301587373	0.9737548828125	0.0262451171875	0.9835205078125	0.0164794921875	
1.4696238168842273	1.924401071858675	0.564697265625	0.435302734375	0.5552978515625	0.4447021484375	
1.471633892863397	5.807623149309563	0.947998046875	0.052001953125	0.93896484375	0.06103515625	
1.473643566947386	3.407659919581775	0.897705078125	0.102294921875	0.9273681640625	0.0726318359375	
1.4756528474890067	1.007696689853077	0.612548828125	0.387451171875	0.593505859375	0.406494140625	
1.4776617428265426	4.890918767303965	0.978271484375	0.021728515625	0.9842529296875	0.0157470703125	
1.4796702612840713	2.4909555375752674	0.6749267578125	0.3250732421875	0.715087890625	0.284912109375	
1.4816784111717844	0.09099230784656953	0.8460693359375	0.1539306640625	0.816162109375	0.183837890625	
1.483686200786309	3.974214385297458	0.96142578125	0.03857421875	0.9774169921875	0.0225830078125	
1.4856936384110233	1.57425115556876	0.5367431640625	0.4632568359375	0.50927734375	0.49072265625	
1.4877007323163758	5.457473233019648	0.9736328125	0.0263671875	0.970947265625	0.029052734375	
1.4897074907601988	3.0575100032909504	0.833740234375	0.166259765625	0.8714599609375	0.1285400390625	
1.4917139219880247	0.6575467735622524	0.70068359375	0.29931640625	0.6673583984375	0.3326416015625	
1.493720034233396	4.540768851013141	0.9766845703125	0.0233154296875	0.98876953125	0.01123046875	
1.4957258357181802	2.140805621284443	0.59228515625	0.40771484375	0.6094970703125	0.3905029296875	
1.4977313346528773	6.024027698735331	0.9200439453125	0.0799560546875	0.8961181640625	0.1038818359375	
1.4997365392369317	3.6240644690066333	0.9364013671875	0.0635986328125	0.9541015625	0.0458984375	
1.5017414576590382	1.2241012392779353	0.5523681640625	0.4476318359375	0.5631103515625	0.4368896484375	
1.5037460980974502	5.107323316728824	0.97998046875	0.02001953125	0.985107421875	0.014892578125	
1.5057504687202858	2.7073600870001258	0.7470703125	0.2529296875	0.7747802734375	0.2252197265625	
1.5077545776858323	0.30739685727142785	0.791748046875	0.208251953125	0.75830078125	0.24169921875	
1.50975843314285	4.190618934722316	0.9730224609375	0.0269775390625	0.982666015625	0.017333984375	
1.5117620432308765	1.7906557049936183	0.5460205078125	0.4539794921875	0.52783203125	0.47216796875	
1.5137654160805267	5.673877782445416	0.955078125	0.044921875	0.9532470703125	0.0467529296875	
1.5157685598137958	3.273914552716718	0.8699951171875	0.1300048828125	0.9051513671875	0.0948486328125	
1.5177714825443585	0.8739513229880203	0.64599609375	0.35400390625	0.6026611328125	0.3973388671875	
1.5197741923778687	4.757173400438909	0.9765625	0.0234375	0.9854736328125	0.0145263671875	
1.5217766974122588	2.3572101707102107	0.6346435546875	0.3653564453125	0.673583984375	0.326416015625	
1.5237790057380365	6.240432248161099	0.87939453125	0.12060546875	0.8475341796875	0.1524658203125	
1.5257811254385825	3.840469018432401	0.950927734375	0.049072265625	0.9735107421875	0.0264892578125	
1.5277830645904467	1.4405057887037032	0.532958984375	0.467041015625	0.526611328125	0.473388671875	
1.5297848312636437	5.3237278661545915	0.976318359375	0.023681640625	0.979736328125	0.020263671875	
1.5317864335219489	2.9237646364258936	0.7869873046875	0.2130126953125	0.8358154296875	0.1641845703125	
1.5337878794231912	0.5238014066971957	0.7315673828125	0.2684326171875	0.70751953125	0.29248046875	
1.535789177019548	4.407023484148084	0.976318359375	0.023681640625	0.9876708984375	0.0123291015625	
1.537790334357838	2.007060254419386	0.56884765625	0.43115234375	0.5621337890625	0.4378662109375	
1.5397913594798145	5.890282331870274	0.939208984375	0.060791015625	0.91845703125	0.08154296875	
1.5417922604224565	3.4903191021415765	0.9114990234375	0.0885009765625	0.9381103515625	0.0618896484375	
1.5437930452182613	1.0903558724128786	0.586669921875	0.413330078125	0.5694580078125	0.4305419921875	
1.5457937218955355	4.973577949863767	0.9766845703125	0.0233154296875	0.9844970703125	0.0155029296875	
1.5477942984786854	2.573614720135069	0.7060546875	0.2939453125	0.7332763671875	0.2667236328125	
1.5497947829885086	0.17365149040637107	0.8221435546875	0.1778564453125	0.7904052734375	0.2095947265625	
1.5517951834424826	4.056873567857259	0.96142578125	0.03857421875	0.978759765625	0.021240234375	
1.5537955078550556	1.6569103381285615	0.53759765625	0.46240234375	0.5115966796875	0.4884033203125	
1.5557957642379359	5.540132415580359	0.966064453125	0.033935546875	0.968017578125	0.031982421875	
1.5577959606003802	3.1401691858516614	0.8447265625	0.1552734375	0.8865966796875	0.1134033203125	
1.5597961049494835	0.7402059561229635	0.6776123046875	0.3223876953125	0.6282958984375	0.3717041015625	
1.5617962052904677	4.623428033573852	0.97607421875	0.02392578125	0.986572265625	0.013427734375	
1.5637962696269694	2.223464803845154	0.619140625	0.380859375	0.6168212890625	0.3831787109375	
1.565796305961329	6.106686881296042	0.8997802734375	0.1002197265625	0.887939453125	0.112060546875	
1.5677963222948783	3.7067236515673443	0.9356689453125	0.0643310546875	0.9610595703125	0.0389404296875	
1.56979632662823	1.3067604218386464	0.550537109375	0.449462890625	0.5399169921875	0.4600830078125	
1.5717963269615634	5.189982499289535	0.977294921875	0.022705078125	0.9835205078125	0.0164794921875	
1.5737963312949148	2.790019269560837	0.7652587890625	0.2347412109375	0.800048828125	0.199951171875	
1.5757963476284642	0.3900560398321389	0.77001953125	0.22998046875	0.73876953125	0.26123046875	
1.5777963839628237	4.273278117283027	0.9757080078125	0.0242919921875	0.9844970703125	0.0155029296875	
1.5797964482993254	1.8733148875543293	0.545166015625	0.454833984375	0.5380859375	0.4619140625	
1.5817965486403096	5.756536965005218	0.951416015625	0.048583984375	0.94287109375	0.05712890625	
1.583796692989413	3.3565737352765197	0.8905029296875	0.1094970703125	0.9229736328125	0.0770263671875	
1.5857968893518573	0.9566105055478218	0.6202392578125	0.3797607421875	0.5811767578125	0.4188232421875	
1.5877971457347375	4.83983258299871	0.9793701171875	0.0206298828125	0.986328125	0.013671875	
1.5897974701473105	2.439869353270012	0.6649169921875	0.3350830078125	0.6849365234375	0.3150634765625	
1.5917978706012845	0.03990612354131429	0.8546142578125	0.1453857421875	0.8333740234375	0.1666259765625	
1.5937983551111077	3.9231282009922026	0.9569091796875	0.0430908203125	0.9765625	0.0234375	
1.5957989316942576	1.5231649712644142	0.541259765625	0.458740234375	0.5001220703125	0.4998779296875	
1.5977996083715318	5.4063870487153025	0.9730224609375	0.0269775390625	0.9736328125	0.0263671875	
1.5998003931673366	3.0064238189866046	0.8135986328125	0.1864013671875	0.8519287109375	0.1480712890625	
1.6018012941099786	0.6064605892579067	0.708984375	0.291015625	0.671875	0.328125	
1.603802319231955	4.489682666708795	0.9805908203125	0.0194091796875	0.9854736328125	0.0145263671875	
1.6058034765702451	2.089719436980097	0.587158203125	0.412841796875	0.57568359375	0.42431640625	
1.607804774166602	5.972941514430985	0.9207763671875	0.0792236328125	0.903076171875	0.096923828125	
1.6098062200678442	3.5729782847022875	0.91943359375	0.08056640625	0.95166015625	0.04833984375	
1.6118078223261494	1.1730150549735896	0.5654296875	0.4345703125	0.5526123046875	0.4473876953125	
1.6138095889993465	5.056237132424478	0.97802734375	0.02197265625	0.984130859375	0.015869140625	
1.6158115281512107	2.65627390269578	0.721923828125	0.278076171875	0.75	0.25	
1.6178136478517566	0.2563106729670821	0.7978515625	0.2021484375	0.7606201171875	0.2393798828125	
1.6198159561775343	4.13953275041797	0.967529296875	0.032470703125	0.978271484375	0.021728515625	
1.6218184612119244	1.7395695206892725	0.539794921875	0.460205078125	0.544677734375	0.455322265625	
1.6238211710454349	5.622791598140161	0.9605712890625	0.0394287109375	0.9564208984375	0.0435791015625	
1.6258240937759973	3.222828368411463	0.865478515625	0.134521484375	0.904296875	0.095703125	
1.6278272375092664	0.822865138682765	0.6502685546875	0.3497314453125	0.634033203125	0.365966796875	
1.6298306103589166	4.706087216133653	0.979736328125	0.020263671875	0.9842529296875	0.0157470703125	
1.6318342204469432	2.3061239864049554	0.63525390625	0.36474609375	0.66943359375	0.33056640625	
1.633838075903961	6.189346063855844	0.8880615234375	0.1119384765625	0.87060546875	0.12939453125	
1.6358421848695075	3.7893828341280553	0.949951171875	0.050048828125	0.9718017578125	0.0281982421875	
1.6378465554923431	1.3894196043993574	0.5443115234375	0.4556884765625	0.54248046875	0.45751953125	
1.6398511959307551	5.272641681850246	0.977294921875	0.022705078125	0.9775390625	0.0224609375	
1.6418561143528616	2.872678452121548	0.786376953125	0.213623046875	0.8306884765625	0.1693115234375	
1.6438613189369158	0.4727152223928499	0.742919921875	0.257080078125	0.7294921875	0.2705078125	
1.6458668178716132	4.355937299843738	0.978271484375	0.021728515625	0.985107421875	0.014892578125	
1.6478726193563973	1.9559740701150403	0.567138671875	0.432861328125	0.5699462890625	0.4300537109375	
1.6498787316017687	5.839196147565929	0.9361572265625	0.0638427734375	0.92919921875	0.07080078125	
1.6518851628295943	3.4392329178372307	0.9017333984375	0.0982666015625	0.9337158203125	0.0662841796875	
1.6538919212734176	1.0392696881085328	0.5968017578125	0.4031982421875	0.5936279296875	0.4063720703125	
1.65589901517877	4.922491765559421	0.981201171875	0.018798828125	0.9849853515625	0.0150146484375	
1.6579064528034844	2.5225285358307232	0.6898193359375	0.3101806640625	0.72998046875	0.27001953125	
1.6599142424180087	0.12256530610202532	0.8321533203125	0.1678466796875	0.8160400390625	0.1839599609375	
1.661922392305722	4.005787383552914	0.9647216796875	0.0352783203125	0.979248046875	0.020751953125	
1.6639309107632507	1.6058241538242157	0.5341796875	0.4658203125	0.5455322265625	0.4544677734375	
1.6659398061007866	5.489046231275104	0.9693603515625	0.0306396484375	0.9697265625	0.0302734375	
1.6679490866424074	3.089083001546406	0.830322265625	0.169677734375	0.8740234375	0.1259765625	
1.6699587607263964	0.6891197718177082	0.67822265625	0.32177734375	0.6588134765625	0.3411865234375	
1.6719688367055658	4.5723418492685965	0.9815673828125	0.0184326171875	0.9840087890625	0.0159912109375	
1.6739793229475812	2.1723786195398986	0.6015625	0.3984375	0.623779296875	0.376220703125	
1.6759902278352852	6.055600696990787	0.909423828125	0.090576171875	0.9000244140625	0.0999755859375	
1.6780015597670264	3.6556374672629985	0.932861328125	0.067138671875	0.958984375	0.041015625	
1.6800133271569875	1.2556742375343006	0.5601806640625	0.4398193359375	0.5567626953125	0.4432373046875	
1.6820255384355152	5.138896314985189	0.9769287109375	0.0230712890625	0.9791259765625	0.0208740234375	
1.6840382020494529	2.738933085256491	0.7587890625	0.2412109375	0.79638671875	0.20361328125	
1.6860513264624741	0.33896985552779313	0.773681640625	0.226318359375	0.7650146484375	0.2349853515625	
1.6880649201554185	4.2221919329786815	0.9722900390625	0.0277099609375	0.98388671875	0.01611328125	
1.6900789916266286	1.8222287032499835	0.549560546875	0.450439453125	0.546630859375	0.453369140625	
1.692093549392289	5.705450780700872	0.949951171875	0.050048828125	0.94677734375	0.05322265625	
1.6941086019867686	3.305487550972174	0.8819580078125	0.1180419921875	0.920654296875	0.079345703125	
1.696124157962962	0.905524321243476	0.6324462890625	0.3675537109375	0.6058349609375	0.3941650390625	
1.6981402258926357	4.788746398694364	0.9830322265625	0.0169677734375	0.985595703125	0.014404296875	
1.7001568143667747	2.3887831689656664	0.650390625	0.349609375	0.6927490234375	0.3072509765625	
1.702173931995931	6.272005246416555	0.8646240234375	0.1353759765625	0.8486328125	0.1513671875	
1.704191587410576	3.872042016687857	0.948974609375	0.051025390625	0.9715576171875	0.0284423828125	
1.706209789261452	1.472078786959159	0.54052734375	0.45947265625	0.53857421875	0.46142578125	
1.7082285462199298	5.355300864410047	0.9732666015625	0.0267333984375	0.973876953125	0.026123046875	
1.710247866978364	2.9553376346813494	0.8065185546875	0.1934814453125	0.85400390625	0.14599609375	
1.7122677602504546	0.5553744049526514	0.72021484375	0.27978515625	0.6990966796875	0.3009033203125	
1.7142882347716082	4.43859648240354	0.974853515625	0.025146484375	0.982177734375	0.017822265625	
1.7163092992993032	2.038633252674842	0.578125	0.421875	0.5892333984375	0.4107666015625	
1.7183309626134564	5.92185533012664	0.929931640625	0.070068359375	0.920654296875	0.079345703125	
1.720353233516792	3.5218921003979418	0.91552734375	0.08447265625	0.9461669921875	0.0538330078125	
1.7223761208352144	1.1219288706692438	0.5814208984375	0.4185791015625	0.5723876953125	0.4276123046875	
1.7243996334181815	5.005150948120132	0.9805908203125	0.0194091796875	0.9840087890625	0.0159912109375	
1.726423780139082	2.6051877183914343	0.714599609375	0.285400390625	0.7532958984375	0.2467041015625	
1.7284485698956158	0.20522448866273635	0.820556640625	0.179443359375	0.7960205078125	0.2039794921875	
1.7304740116101744	4.088446566113625	0.9677734375	0.0322265625	0.98046875	0.01953125	
1.7325001142302277	1.6884833363849268	0.5477294921875	0.4522705078125	0.5423583984375	0.4576416015625	
1.7345268867287102	5.571705413835815	0.964111328125	0.035888671875	0.9630126953125	0.0369873046875	
1.7365543381044128	3.171742184107117	0.8563232421875	0.1436767578125	0.8973388671875	0.1026611328125	
1.7385824773823753	0.7717789543784193	0.656982421875	0.343017578125	0.653076171875	0.346923828125	
1.7406113136142825	4.655001031829308	0.9769287109375	0.0230712890625	0.982666015625	0.017333984375	
1.7426408558788646	2.2550378021006097	0.624755859375	0.375244140625	0.640869140625	0.359130859375	
1.7446711132822983	6.138259879551498	0.8912353515625	0.1087646484375	0.8782958984375	0.1217041015625	
1.746702094958613	3.7382966498228	0.9412841796875	0.0587158203125	0.9686279296875	0.0313720703125	
1.7487338100700984	1.3383334200941022	0.55322265625	0.44677734375	0.5377197265625	0.4622802734375	
1.7507662678077172	5.2215554975449905	0.979248046875	0.020751953125	0.9791259765625	0.0208740234375	
1.752799477391519	2.8215922678162926	0.77197265625	0.22802734375	0.8126220703125	0.1873779296875	
1.754833448071059	0.42162903808759467	0.758544921875	0.241455078125	0.7393798828125	0.2606201171875	
1.75686818912582	4.304851115538483	0.972900390625	0.027099609375	0.9808349609375	0.0191650390625	
1.7589037098656362	1.904887885809785	0.563232421875	0.436767578125	0.564453125	0.435546875	
1.7609400196311222	5.788109963261583	0.94287109375	0.05712890625	0.9368896484375	0.0631103515625	
1.7629771277941053	3.388146733532885	0.8876953125	0.1123046875	0.9296875	0.0703125	
1.7650150437580607	0.9881835038041871	0.6075439453125	0.3924560546875	0.5941162109375	0.4058837890625	
1.7670537769585501	4.871405581255075	0.98046875	0.01953125	0.98681640625	0.01318359375	
1.7690933368636657	2.4714423515263775	0.67626953125	0.32373046875	0.7000732421875	0.2999267578125	
1.7711337329744756	0.07147912179767957	0.836669921875	0.163330078125	0.820556640625	0.179443359375	
1.773174974825475	3.954701199248568	0.9534912109375	0.0465087890625	0.9747314453125	0.0252685546875	
1.7752170719850409	1.55473796951987	0.54052734375	0.45947265625	0.5625	0.4375	
1.777260034055889	5.437960046970758	0.9708251953125	0.0291748046875	0.96923828125	0.03076171875	
1.779303870675538	3.0379968172420604	0.822998046875	0.177001953125	0.870849609375	0.129150390625	
1.781348591516774	0.6380335875133625	0.6907958984375	0.3092041015625	0.677978515625	0.322021484375	
1.7833942062881225	4.521255664964251	0.978759765625	0.021240234375	0.98486328125	0.01513671875	
1.7854407247343231	2.121292435235553	0.5997314453125	0.4002685546875	0.6116943359375	0.3883056640625	
1.7874881566368075	6.004514512686441	0.91015625	0.08984375	0.9013671875	0.0986328125	
1.7895365118141848	3.6045512829577433	0.9200439453125	0.0799560546875	0.95458984375	0.04541015625	
1.7915858001227274	1.2045880532290454	0.5660400390625	0.4339599609375	0.56396484375	0.43603515625	
1.7936360314568653	5.087810130679934	0.979736328125	0.020263671875	0.981689453125	0.018310546875	
1.7956872157496822	2.687846900951236	0.74609375	0.25390625	0.7862548828125	0.2137451171875	
1.7977393629734166	0.2878836712225379	0.785888671875	0.214111328125	0.7718505859375	0.2281494140625	
1.79979248313997	4.171105748673426	0.9664306640625	0.0335693359375	0.978271484375	0.021728515625	
1.8018465863014166	1.7711425189456378	0.55517578125	0.44482421875	0.5565185546875	0.4434814453125	
1.80390168255052	5.654364596396526	0.952880859375	0.047119140625	0.9488525390625	0.0511474609375	
1.805957782021255	3.254401366667828	0.8697509765625	0.1302490234375	0.91748046875	0.08251953125	
1.808014894889332	0.8544381369391303	0.6402587890625	0.3597412109375	0.6234130859375	0.3765869140625	
1.810073031372731	4.737660214390019	0.97900390625	0.02099609375	0.986328125	0.013671875	
1.8121322017322354	2.3376969846613207	0.6485595703125	0.3514404296875	0.6688232421875	0.3311767578125	
1.8141924162719762	6.220919062112209	0.872802734375	0.127197265625	0.8563232421875	0.1436767578125	
1.8162536853399782	3.820955832383511	0.9461669921875	0.0538330078125	0.9715576171875	0.0284423828125	
1.8183160193287127	1.4209926026548132	0.5416259765625	0.4583740234375	0.56005859375	0.43994140625	
1.8203794286756558	5.3042146801057015	0.971435546875	0.028564453125	0.97705078125	0.02294921875	
1.8224439238638537	2.9042514503770036	0.7874755859375	0.2125244140625	0.84033203125	0.15966796875	
1.8245095154224906	0.5042882206483057	0.72998046875	0.27001953125	0.711181640625	0.288818359375	
1.8265762139274662	4.387510298099194	0.9752197265625	0.0247802734375	0.982666015625	0.017333984375	
1.8286440300019753	1.987547068370496	0.57421875	0.42578125	0.5865478515625	0.4134521484375	
1.8307129743170978	5.870769145821384	0.9300537109375	0.0699462890625	0.9263916015625	0.0736083984375	
1.8327830575923905	3.4708059160926865	0.9022216796875	0.0977783203125	0.9410400390625	0.0589599609375	
1.8348542905964882	1.0708426863639886	0.5919189453125	0.4080810546875	0.5894775390625	0.4105224609375	
1.83692668414771	4.954064763814877	0.9783935546875	0.0216064453125	0.9847412109375	0.0152587890625	
1.839000249114672	2.554101534086179	0.69775390625	0.30224609375	0.731201171875	0.268798828125	
1.8410749964169062	0.1541383043574811	0.8216552734375	0.1783447265625	0.8052978515625	0.1947021484375	
1.8431509370254882	4.037360381808369	0.964111328125	0.035888671875	0.9796142578125	0.0203857421875	
1.8452280819636682	1.637397152080581	0.5531005859375	0.4468994140625	0.5640869140625	0.4359130859375	
1.847306442307512	5.520619229531469	0.962158203125	0.037841796875	0.9620361328125	0.0379638671875	
1.8493860291865472	3.1206559998027714	0.8460693359375	0.1539306640625	0.884521484375	0.115478515625	
1.851466853784417	0.7206927700740735	0.664306640625	0.335693359375	0.6512451171875	0.3487548828125	
1.8535489273395422	4.603914847524962	0.9766845703125	0.0233154296875	0.9840087890625	0.0159912109375	
1.8556322611457885	2.203951617796264	0.620361328125	0.379638671875	0.6265869140625	0.3734130859375	
1.857716866553143	6.087173695247152	0.8955078125	0.1044921875	0.881103515625	0.118896484375	
1.8598027549683978	3.6872104655184543	0.9312744140625	0.0687255859375	0.9591064453125	0.0408935546875	
1.8618899378558411	1.2872472357897564	0.5615234375	0.4384765625	0.5592041015625	0.4407958984375	
1.8639784267379567	5.170469313240645	0.976806640625	0.023193359375	0.9794921875	0.0205078125	
1.8660682331961298	2.770506083511947	0.757568359375	0.242431640625	0.7957763671875	0.2042236328125	
1.8681593688713642	0.3705428537832489	0.76416015625	0.23583984375	0.7451171875	0.2548828125	
1.8702518454650043	4.253764931234137	0.9693603515625	0.0306396484375	0.982666015625	0.017333984375	
1.8723456747394671	1.8538017015054393	0.5618896484375	0.4381103515625	0.56884765625	0.43115234375	
1.874440868518983	5.737023778956328	0.9434814453125	0.0565185546875	0.943359375	0.056640625	
1.8765374386903446	3.3370605492276297	0.8839111328125	0.1160888671875	0.922607421875	0.077392578125	
1.8786353972036645	0.9370973194989318	0.61328125	0.38671875	0.6163330078125	0.3836669921875	
1.880734756073142	4.82031939694982	0.97607421875	0.02392578125	0.983154296875	0.016845703125	
1.8828355273778392	2.4203561672211222	0.6707763671875	0.3292236328125	0.689697265625	0.310302734375	
1.8849377232624662	0.020392937492424323	0.850341796875	0.149658203125	0.8353271484375	0.1646728515625	
1.887041355938175	3.903615014944222	0.94921875	0.05078125	0.9697265625	0.0302734375	
1.8891464376833647	1.5036517852155242	0.5521240234375	0.4478759765625	0.57177734375	0.42822265625	
1.8912529808444944	5.3868738626664125	0.9683837890625	0.0316162109375	0.9691162109375	0.0308837890625	
1.8933609978369077	2.9869106329377146	0.8084716796875	0.1915283203125	0.853759765625	0.146240234375	
1.8954705011456656	0.5869474032090167	0.7017822265625	0.2982177734375	0.687744140625	0.312255859375	
1.897581503326392	4.470169480659905	0.974853515625	0.025146484375	0.982666015625	0.017333984375	
1.8996940170061267	2.070206250931207	0.599365234375	0.400634765625	0.603515625	0.396484375	
1.9018080548841911	5.9534283283820955	0.914794921875	0.085205078125	0.9097900390625	0.0902099609375	
1.9039236297330642	3.5534650986533975	0.9097900390625	0.0902099609375	0.943359375	0.056640625	
1.9060407543992692	1.1535018689246996	0.581298828125	0.418701171875	0.5811767578125	0.4188232421875	
1.9081594418042713	5.036723946375588	0.9752197265625	0.0247802734375	0.9788818359375	0.0211181640625	
1.9102797049453868	2.63676071664689	0.7296142578125	0.2703857421875	0.7593994140625	0.2406005859375	
1.9124015568967043	0.23679748691819213	0.80029296875	0.19970703125	0.7847900390625	0.2152099609375	
1.9145250108100167	4.1200195643690805	0.9627685546875	0.0372314453125	0.9788818359375	0.0211181640625	
1.916650079915766	1.7200563346403825	0.5628662109375	0.4371337890625	0.570556640625	0.429443359375	
1.9187767775239997	5.603278412091271	0.9510498046875	0.0489501953125	0.9525146484375	0.0474853515625	
1.9209051170253388	3.203315182362573	0.8636474609375	0.1363525390625	0.9007568359375	0.0992431640625	
1.9230351118919613	0.803351952633875	0.655029296875	0.344970703125	0.6412353515625	0.3587646484375	
1.925166775678594	4.686574030084763	0.9779052734375	0.0220947265625	0.97998046875	0.02001953125	
1.9273001220235209	2.2866108003560655	0.64306640625	0.35693359375	0.65576171875	0.34423828125	
1.9294351646496035	6.169832877806954	0.885986328125	0.114013671875	0.8662109375	0.1337890625	
1.9315719173653143	3.7698696480791654	0.9364013671875	0.0635986328125	0.964111328125	0.035888671875	
1.9337103940657852	1.3699064183504674	0.5584716796875	0.4415283203125	0.5706787109375	0.4293212890625	
1.935850608733867	5.253128495801356	0.970703125	0.029296875	0.9752197265625	0.0247802734375	
1.9379925754412068	2.853165266072658	0.7835693359375	0.2164306640625	0.8143310546875	0.1856689453125	
1.9401363083493381	0.45320203634395995	0.7562255859375	0.2437744140625	0.7296142578125	0.2703857421875	
1.942281821710784	4.336424113794848	0.9671630859375	0.0328369140625	0.9805908203125	0.0194091796875	
1.9444291298701777	1.9364608840661504	0.5850830078125	0.4149169921875	0.5751953125	0.4248046875	
1.9465782472653974	5.819682961517039	0.9315185546875	0.0684814453125	0.9302978515625	0.0697021484375	
1.948729188428717	3.4197197317883408	0.893798828125	0.106201171875	0.93017578125	0.06982421875	
1.950881967987971	1.0197565020596429	0.6021728515625	0.3978271484375	0.5955810546875	0.4044189453125	
1.9530366006677373	4.902978579510531	0.9720458984375	0.0279541015625	0.9794921875	0.0205078125	
1.9551931012905357	2.5030153497818333	0.7054443359375	0.2945556640625	0.70947265625	0.29052734375	
1.9573514847780429	0.10305212005313535	0.8314208984375	0.1685791015625	0.81640625	0.18359375	
1.959511766152324	3.9862741975040237	0.9490966796875	0.0509033203125	0.975341796875	0.024658203125	
1.961673960537082	1.5863109677753258	0.5640869140625	0.4359130859375	0.5701904296875	0.4298095703125	
1.9638380831589246	5.469533045226214	0.963623046875	0.036376953125	0.9659423828125	0.0340576171875	
1.966004149348648	3.069569815497516	0.8389892578125	0.1610107421875	0.87060546875	0.12939453125	
1.968172174542541	0.6696065857688183	0.6942138671875	0.3057861328125	0.6722412109375	0.3277587890625	
1.9703421742837048	4.552828663219707	0.9727783203125	0.0272216796875	0.980712890625	0.019287109375	
1.9725141642233939	2.1528654334910087	0.6217041015625	0.3782958984375	0.6112060546875	0.3887939453125	
1.9746881601223751	6.0360875109428065	0.9027099609375	0.0972900390625	0.89501953125	0.10498046875	
1.9768641778523064	3.6361242812141086	0.9169921875	0.0830078125	0.9527587890625	0.0472412109375	
1.9790422333971358	1.2361610514854107	0.5689697265625	0.4310302734375	0.5892333984375	0.4107666015625	
1.9812223428545201	5.119383128936299	0.9681396484375	0.0318603515625	0.97802734375	0.02197265625	
1.9834045224372656	2.719419899207601	0.74609375	0.25390625	0.7745361328125	0.2254638671875	
1.9855887884747867	0.31945666947890317	0.7767333984375	0.2232666015625	0.7628173828125	0.2371826171875	
1.9877751574145908	4.2026787469297915	0.967529296875	0.032470703125	0.9783935546875	0.0216064453125	
1.98996364582378	1.8027155172010936	0.589599609375	0.410400390625	0.5740966796875	0.4259033203125	
1.992154270390579	5.685937594651982	0.943359375	0.056640625	0.94482421875	0.05517578125	
1.9943470479258836	3.285974364923284	0.8721923828125	0.1278076171875	0.906494140625	0.093505859375	
1.996541995364832	0.8860111351945861	0.635498046875	0.364501953125	0.6234130859375	0.3765869140625	
1.9987391297684023	4.769233212645474	0.972412109375	0.027587890625	0.97900390625	0.02099609375	
2.0009384683250304	2.3692699829167765	0.669921875	0.330078125	0.6668701171875	0.3331298828125	
2.0031400283522545	6.252492060367665	0.8616943359375	0.1383056640625	0.855224609375	0.144775390625	
2.0053438272983852	3.852528830638967	0.942626953125	0.057373046875	0.9664306640625	0.0335693359375	
2.007549882744198	1.452565600910269	0.5802001953125	0.4197998046875	0.575439453125	0.424560546875	
2.009758212404657	5.335787678361157	0.960693359375	0.039306640625	0.96630859375	0.03369140625	
2.011968834130658	2.9358244486324594	0.8062744140625	0.1937255859375	0.833251953125	0.166748046875	
2.0141817659108034	0.5358612189037615	0.7332763671875	0.2667236328125	0.7064208984375	0.2935791015625	
2.0163970258732045	4.41908329635465	0.9664306640625	0.0335693359375	0.9764404296875	0.0235595703125	
2.0186146322873104	2.019120066625952	0.607421875	0.392578125	0.58837890625	0.41162109375	
2.020834603565764	5.90234214407775	0.9228515625	0.0771484375	0.915771484375	0.084228515625	
2.02305695826629	3.502378914349052	0.9036865234375	0.0963134765625	0.9412841796875	0.0587158203125	
2.0252817150936115	1.1024156846203539	0.5968017578125	0.4031982421875	0.6014404296875	0.3985595703125	
2.027508892901397	4.985637762071242	0.9669189453125	0.0330810546875	0.975341796875	0.024658203125	
2.0297385106942363	2.5856745323425443	0.7283935546875	0.2716064453125	0.7413330078125	0.2586669921875	
2.03197058762965	0.18571130261384639	0.8172607421875	0.1827392578125	0.7972412109375	0.2027587890625	
2.0342051430201336	4.068933380064735	0.94970703125	0.05029296875	0.9710693359375	0.0289306640625	
2.0364421963352264	1.6689701503360368	0.590087890625	0.409912109375	0.5743408203125	0.4256591796875	
2.038681767203623	5.552192227786925	0.952392578125	0.047607421875	0.956787109375	0.043212890625	
2.040923875415311	3.152228998058227	0.845947265625	0.154052734375	0.889404296875	0.110595703125	
2.0431685409237517	0.7522657683295293	0.6748046875	0.3251953125	0.65625	0.34375	
2.0454157838480875	4.635487845780418	0.9710693359375	0.0289306640625	0.97900390625	0.02099609375	
2.0476656244753926	2.2355246160517197	0.65185546875	0.34814453125	0.6361083984375	0.3638916015625	
2.049918083262956	6.118746693502608	0.88671875	0.11328125	0.8751220703125	0.1248779296875	
2.052173180840605	3.71878346377391	0.9239501953125	0.0760498046875	0.9525146484375	0.0474853515625	
2.0544309380130668	1.3188202340452122	0.5921630859375	0.4078369140625	0.585205078125	0.414794921875	
2.0566913757623673	5.2020423114961005	0.9649658203125	0.0350341796875	0.970458984375	0.029541015625	
2.058954515250273	2.8020790817674026	0.7733154296875	0.2266845703125	0.793212890625	0.206787109375	
2.061220377820772	0.4021158520387047	0.7640380859375	0.2359619140625	0.738037109375	0.261962890625	
2.063488985002597	4.285337929489593	0.9630126953125	0.0369873046875	0.9759521484375	0.0240478515625	
2.0657603585117914	1.8853746997618046	0.6051025390625	0.3948974609375	0.592041015625	0.407958984375	
2.068034520254319	5.768596777212693	0.9249267578125	0.0750732421875	0.92529296875	0.07470703125	
2.0703114923287194	3.368633547483995	0.8807373046875	0.1192626953125	0.91748046875	0.08251953125	
2.0725912970288034	0.9686703177552971	0.6370849609375	0.3629150390625	0.6214599609375	0.3785400390625	
2.074873956846405	4.851892395206185	0.9720458984375	0.0279541015625	0.97509765625	0.02490234375	
2.077159494474169	2.4519291654774875	0.699951171875	0.300048828125	0.705078125	0.294921875	
2.0794479328083986	0.051965935748789605	0.843505859375	0.156494140625	0.82861328125	0.17138671875	
2.0817392949519404	3.935188013199678	0.9423828125	0.0576171875	0.9622802734375	0.0377197265625	
2.0840336042171326	1.53522478347098	0.58984375	0.41015625	0.58740234375	0.41259765625	
2.086330884128795	5.418446860921868	0.95458984375	0.04541015625	0.9566650390625	0.0433349609375	
2.088631158427276	3.0184836311931704	0.81494140625	0.18505859375	0.8536376953125	0.1463623046875	
2.090934451071554	0.6185204014644725	0.7041015625	0.2958984375	0.6922607421875	0.3077392578125	
2.0932407862423936	4.501742478915361	0.96728515625	0.03271484375	0.975830078125	0.024169921875	
2.0955501883455536	2.101779249186663	0.6182861328125	0.3817138671875	0.62158203125	0.37841796875	
2.0978626820150637	5.985001326637551	0.8958740234375	0.1041259765625	0.894287109375	0.105712890625	
2.1001782921165457	3.5850380969088533	0.9039306640625	0.0960693359375	0.9453125	0.0546875	
2.1024970437506063	1.1850748671801554	0.5989990234375	0.4010009765625	0.6060791015625	0.3939208984375	
2.1048189622562874	5.068296944631044	0.966796875	0.033203125	0.9715576171875	0.0284423828125	
2.1071440732145783	2.668333714902346	0.7471923828125	0.2528076171875	0.762451171875	0.237548828125	
2.109472402451994	0.2683704851736479	0.7987060546875	0.2012939453125	0.778076171875	0.221923828125	
2.111803976044219	4.151592562624536	0.951904296875	0.048095703125	0.96923828125	0.03076171875	
2.114138820319816	1.7516293328967478	0.6011962890625	0.3988037109375	0.604248046875	0.395751953125	
2.1164769618640102	5.634851410347636	0.9365234375	0.0634765625	0.941650390625	0.058349609375	
2.1188184275225366	3.2348881806189382	0.8548583984375	0.1451416015625	0.894287109375	0.105712890625	
2.121163244405561	0.8349249508902403	0.6597900390625	0.3402099609375	0.6622314453125	0.3377685546875	
2.1235114398916797	4.718147028341129	0.966064453125	0.033935546875	0.976318359375	0.023681640625	
2.12586304163199	2.3181837986124307	0.670654296875	0.329345703125	0.66162109375	0.33837890625	
2.12821807755424	6.201405876063319	0.8587646484375	0.1412353515625	0.8544921875	0.1455078125	
2.130576575867052	3.801442646334621	0.9261474609375	0.0738525390625	0.9588623046875	0.0411376953125	
2.132938565064239	1.4014794166059232	0.5924072265625	0.4075927734375	0.6048583984375	0.3951416015625	
2.135304073929192	5.2847014940568116	0.955078125	0.044921875	0.9656982421875	0.0343017578125	
2.137673131539357	2.8847382643281136	0.7821044921875	0.2178955078125	0.8216552734375	0.1783447265625	
2.1400457672708004	0.48477503459941573	0.7398681640625	0.2601318359375	0.725830078125	0.274169921875	
2.1424220108028593	4.367997112050304	0.9583740234375	0.0416259765625	0.976318359375	0.023681640625	
2.144801892122888	1.9680338823216061	0.6220703125	0.3779296875	0.5980224609375	0.4019775390625	
2.147185441531094	5.8512559597724945	0.9169921875	0.0830078125	0.9088134765625	0.0911865234375	
2.149572689645467	3.4512927300437966	0.88037109375	0.11962890625	0.9197998046875	0.0802001953125	
2.1519636674068163	1.0513295003150986	0.630859375	0.369140625	0.616943359375	0.383056640625	
2.1543584060838956	4.934551577765987	0.9656982421875	0.0343017578125	0.971435546875	0.028564453125	
2.1567569372786393	2.534588348037289	0.7197265625	0.2802734375	0.7247314453125	0.2752685546875	
2.1591592929314998	0.13462511830859114	0.8214111328125	0.1785888671875	0.8057861328125	0.1942138671875	
2.1615655053268963	4.017847195760389	0.941162109375	0.058837890625	0.9664306640625	0.0335693359375	
2.16397560709877	1.617883966031691	0.615234375	0.384765625	0.5989990234375	0.4010009765625	
2.1663896312362567	5.501106043482579	0.9447021484375	0.0552978515625	0.950927734375	0.049072265625	
2.1688076110894725	3.1011428137538815	0.8341064453125	0.1658935546875	0.8709716796875	0.1290283203125	
2.17122958037542	0.7011795840251835	0.6982421875	0.3017578125	0.6929931640625	0.3070068359375	
2.173655573184017	4.584401661476072	0.962646484375	0.037353515625	0.9737548828125	0.0262451171875	
2.17608562398425	2.184438431747374	0.6536865234375	0.3463134765625	0.6441650390625	0.3558349609375	
2.178519767630457	6.067660509198262	0.881103515625	0.118896484375	0.8843994140625	0.1156005859375	
2.180958039368741	3.6676972794695644	0.910888671875	0.089111328125	0.9454345703125	0.0545654296875	
2.183400474843519	1.2677340497408665	0.6083984375	0.3916015625	0.6103515625	0.3896484375	
2.18584711010421	5.150956127191755	0.9580078125	0.0419921875	0.9635009765625	0.0364990234375	
2.1882979816120667	2.750992897463057	0.76708984375	0.23291015625	0.7877197265625	0.2122802734375	
2.1907531262471505	0.35102966773435895	0.7652587890625	0.2347412109375	0.7630615234375	0.2369384765625	
2.1932125813154584	4.234251745185247	0.949951171875	0.050048828125	0.970458984375	0.029541015625	
2.1956763845562053	1.8342885154565494	0.6148681640625	0.3851318359375	0.616943359375	0.383056640625	
2.1981445741492593	5.717510592907438	0.92626953125	0.07373046875	0.9246826171875	0.0753173828125	
2.2006171887227457	3.3175473631787398	0.866943359375	0.133056640625	0.9058837890625	0.0941162109375	
2.2030942673608123	0.9175841334500419	0.664306640625	0.335693359375	0.653564453125	0.346435546875	
2.2055758496115683	4.80080621090093	0.962158203125	0.037841796875	0.9752197265625	0.0247802734375	
2.2080619754952004	2.4008429811722323	0.707275390625	0.292724609375	0.696533203125	0.303466796875	
2.2105526855122655	0.0008797514435343601	0.8486328125	0.1513671875	0.8345947265625	0.1654052734375	
2.2130480206521717	3.884101828895332	0.9237060546875	0.0762939453125	0.9554443359375	0.0445556640625	
2.215548022401851	1.4841385991666343	0.6201171875	0.3798828125	0.615966796875	0.384033203125	
2.218052732754624	5.367360676617523	0.9510498046875	0.0489501953125	0.9560546875	0.0439453125	
2.2205621942192693	2.9673974468888247	0.8087158203125	0.1912841796875	0.8409423828125	0.1590576171875	
2.2230764498293	0.5674342171601268	0.716796875	0.283203125	0.72265625	0.27734375	
2.2255955431524486	4.450656294611015	0.960205078125	0.039794921875	0.969970703125	0.030029296875	
2.2281195183003772	2.050693064882317	0.6429443359375	0.3570556640625	0.6412353515625	0.3587646484375	
2.230648419938608	5.9339151423332055	0.9010009765625	0.0989990234375	0.899658203125	0.100341796875	
2.233182293296686	3.533951912603598	0.893798828125	0.106201171875	0.924072265625	0.075927734375	
2.2357211841785816	1.1339886828758097	0.6455078125	0.3544921875	0.64404296875	0.35595703125	
2.238265138973336	5.0172107603276075	0.9573974609375	0.0426025390625	0.966064453125	0.033935546875	
2.2408142046659614	2.617247530598	0.746826171875	0.253173828125	0.752197265625	0.247802734375	
2.243368428848595	0.21728430087021167	0.7978515625	0.2021484375	0.7989501953125	0.2010498046875	
2.2459278597319283	4.1005063783201905	0.9395751953125	0.0604248046875	0.9630126953125	0.0369873046875	
2.2484925461569025	1.700543148592402	0.6231689453125	0.3768310546875	0.623291015625	0.376708984375	
2.251062537606694	5.583765226042381	0.937744140625	0.062255859375	0.9378662109375	0.0621337890625	
2.253637884218986	3.1838019963145925	0.8487548828125	0.1512451171875	0.88330078125	0.11669921875	
2.256218636798544	0.7838387665849851	0.6920166015625	0.3079833984375	0.6871337890625	0.3128662109375	
2.258804846830098	4.667060844036783	0.9542236328125	0.0457763671875	0.9669189453125	0.0330810546875	
2.261396566491545	2.2670976143071755	0.681640625	0.318359375	0.6854248046875	0.3145751953125	
2.263993848667477	6.150319691758973	0.863037109375	0.136962890625	0.861328125	0.138671875	
2.2665967469630495	3.750356462029366	0.9146728515625	0.0853271484375	0.9464111328125	0.0535888671875	
2.2692053157181986	1.3503932323015775	0.6400146484375	0.3599853515625	0.635986328125	0.364013671875	
2.271819610022216	5.233615309751556	0.954345703125	0.045654296875	0.9603271484375	0.0396728515625	
2.274439685728696	2.833652080023768	0.7847900390625	0.2152099609375	0.8170166015625	0.1829833984375	
2.2770655994708626	0.4336888502941605	0.753173828125	0.246826171875	0.7525634765625	0.2474365234375	
2.2796974086772934	4.316910927745958	0.95556640625	0.04443359375	0.9677734375	0.0322265625	
2.2823351715880476	1.916947698016351	0.657958984375	0.342041015625	0.643310546875	0.356689453125	
2.2849789472712154	5.800169775468149	0.9130859375	0.0869140625	0.9140625	0.0859375	
2.2876287956398995	3.4002065457385413	0.8812255859375	0.1187744140625	0.9097900390625	0.0902099609375	
2.290284777469643	1.000243316010753	0.668212890625	0.331787109375	0.6796875	0.3203125	
2.2929469544163203	4.883465393462551	0.95947265625	0.04052734375	0.966552734375	0.033447265625	
2.2956153890345012	2.4835021637329433	0.7261962890625	0.2738037109375	0.7230224609375	0.2769775390625	
2.2982901447963116	0.08353893400515489	0.827392578125	0.172607421875	0.83544921875	0.16455078125	
2.300971286110798	3.9667610114551337	0.933349609375	0.066650390625	0.9542236328125	0.0457763671875	
2.303658878343818	1.5667977817273453	0.6402587890625	0.3597412109375	0.6500244140625	0.3499755859375	
2.3063529878384785	5.450019859177324	0.9412841796875	0.0587158203125	0.9451904296875	0.0548095703125	
2.3090536819361245	3.0500566294495357	0.834716796875	0.165283203125	0.848388671875	0.151611328125	
2.3117610289979167	0.6500933997199283	0.727783203125	0.272216796875	0.7200927734375	0.2799072265625	
2.314475098427004	4.533315477171726	0.9522705078125	0.0477294921875	0.9659423828125	0.0340576171875	
2.3171959606913175	2.1333522474421187	0.6856689453125	0.3143310546875	0.6700439453125	0.3299560546875	
2.319923687347004	6.0165743248939165	0.8931884765625	0.1068115234375	0.88916015625	0.11083984375	
2.3226583510625236	3.616611095164309	0.90625	0.09375	0.939697265625	0.060302734375	
2.325400025643434	1.2166478654365207	0.6439208984375	0.3560791015625	0.6751708984375	0.3248291015625	
2.328148786057887	5.0998699428864995	0.9503173828125	0.0496826171875	0.95556640625	0.04443359375	
2.3309047084628545	2.699906713158711	0.768310546875	0.231689453125	0.79150390625	0.20849609375	
2.3336678702311224	0.2999434834291037	0.786865234375	0.213134765625	0.793212890625	0.206787109375	
2.3364383499790717	4.1831655608809015	0.9429931640625	0.0570068359375	0.958251953125	0.041748046875	
2.3392162275952737	1.7832023311512941	0.656494140625	0.343505859375	0.649169921875	0.350830078125	
2.3420015842699358	5.666424408603092	0.9283447265625	0.0716552734375	0.9288330078125	0.0711669921875	
2.3447945025252226	3.2664611788734845	0.8594970703125	0.1405029296875	0.89599609375	0.10400390625	
2.347595066246486	0.8664979491456961	0.7000732421875	0.2999267578125	0.70458984375	0.29541015625	
2.3504033607144432	4.749720026597494	0.9583740234375	0.0416259765625	0.961181640625	0.038818359375	
2.353219472638326	2.3497567968678865	0.7225341796875	0.2774658203125	0.71875	0.28125	
2.35604349019005	6.232978874319684	0.8546142578125	0.1453857421875	0.8526611328125	0.1473388671875	
2.358875503039436	3.833015644590077	0.9183349609375	0.0816650390625	0.94384765625	0.05615234375	
2.361715602390525	1.4330524148622885	0.6588134765625	0.3411865234375	0.666748046875	0.333251953125	
2.3645638810190244	5.316274492312267	0.9473876953125	0.0526123046875	0.950439453125	0.049560546875	
2.3674204333109383	2.916311262584479	0.8067626953125	0.1932373046875	0.8294677734375	0.1705322265625	
2.370285355302417	0.5163480328548715	0.75244140625	0.24755859375	0.752685546875	0.247314453125	
2.3731587447208815	4.399570110306669	0.9461669921875	0.0538330078125	0.9635009765625	0.0364990234375	
2.3760407010274687	1.999606880577062	0.6763916015625	0.3236083984375	0.6737060546875	0.3262939453125	
2.3789313254608495	5.88282895802886	0.899169921875	0.100830078125	0.904052734375	0.095947265625	
2.381830721082478	3.4828657282992523	0.884765625	0.115234375	0.91552734375	0.08447265625	
2.3847389928233262	1.082902498571464	0.6798095703125	0.3201904296875	0.68505859375	0.31494140625	
2.387656247532162	4.966124576021443	0.9544677734375	0.0455322265625	0.96142578125	0.03857421875	
2.390582594025441	2.5661613462936543	0.7501220703125	0.2498779296875	0.7591552734375	0.2408447265625	
2.393518143138871	0.16619811656404693	0.81884765625	0.18115234375	0.81396484375	0.18603515625	
2.39646300778072	4.049420194015845	0.9345703125	0.0654296875	0.954345703125	0.045654296875	
2.3994173029869446	1.6494569642862373	0.6685791015625	0.3314208984375	0.6732177734375	0.3267822265625	
2.4023811459782087	5.532679041738035	0.93359375	0.06640625	0.9344482421875	0.0655517578125	
2.4053546562188757	3.1327158120102467	0.841796875	0.158203125	0.87109375	0.12890625	
2.4083379554780615	0.7327525822806393	0.7315673828125	0.2684326171875	0.733154296875	0.266845703125	
2.4113311678928286	4.615974659732437	0.949951171875	0.050048828125	0.9609375	0.0390625	
2.414334420033623	2.2160114300028297	0.7186279296875	0.2813720703125	0.69140625	0.30859375	
2.4173478409720452	6.099233507454628	0.873291015625	0.126708984375	0.877685546875	0.122314453125	
2.42037156235106	3.69927027772502	0.90380859375	0.09619140625	0.9305419921875	0.0694580078125	
2.4234057184577593	1.2993070479972317	0.678955078125	0.321044921875	0.69140625	0.30859375	
2.4264504462987726	5.182529125447211	0.947021484375	0.052978515625	0.95068359375	0.04931640625	
2.4295058856784744	2.782565895719422	0.7904052734375	0.2095947265625	0.806884765625	0.193115234375	
2.432572179280089	0.38260266598981474	0.781494140625	0.218505859375	0.7779541015625	0.2220458984375	
2.4356494727498372	4.2658247434416126	0.93798828125	0.06201171875	0.955322265625	0.044677734375	
2.4387379147842645	1.8658615137120051	0.69140625	0.30859375	0.673583984375	0.326416015625	
2.441837657220901	5.749083591163803	0.9127197265625	0.0872802734375	0.9075927734375	0.0924072265625	
2.4449488551323997	3.3491203614341956	0.8665771484375	0.1334228515625	0.895263671875	0.104736328125	
2.448071666924334	0.9491571317064071	0.6956787109375	0.3043212890625	0.7178955078125	0.2821044921875	
2.4512062544368107	4.832379209156386	0.9476318359375	0.0523681640625	0.9537353515625	0.0462646484375	
2.4543527830500995	2.4324159794285976	0.7408447265625	0.2591552734375	0.7445068359375	0.2554931640625	
2.457511421794464	0.032452749698990146	0.8355712890625	0.1644287109375	0.840087890625	0.159912109375	
2.4606823434644	3.915674827150788	0.91845703125	0.08154296875	0.9342041015625	0.0657958984375	
2.463865724737507	1.5157115974211806	0.6788330078125	0.3211669921875	0.68896484375	0.31103515625	
2.467061746298219	5.398933674872978	0.928466796875	0.071533203125	0.931640625	0.068359375	
2.4702705929666338	2.99897044514519	0.8231201171875	0.1768798828125	0.84716796875	0.15283203125	
2.473492453832716	0.5990072154155826	0.75830078125	0.24169921875	0.7587890625	0.2412109375	
2.4767275223961334	4.48222929286738	0.943115234375	0.056884765625	0.9560546875	0.0439453125	
2.479975996712026	2.082266063137773	0.7159423828125	0.2840576171875	0.7056884765625	0.2943115234375	
2.4832380795430193	5.965488140589571	0.883544921875	0.116455078125	0.87939453125	0.12060546875	
2.4865139785178103	3.5655249108599634	0.882080078125	0.117919921875	0.913330078125	0.086669921875	
2.4898039062966726	1.165561681132175	0.6995849609375	0.3004150390625	0.7100830078125	0.2899169921875	
2.493108080744259	5.048783758582154	0.9415283203125	0.0584716796875	0.9456787109375	0.0543212890625	
2.4964267251100987	2.6488205288543654	0.783447265625	0.216552734375	0.783935546875	0.216064453125	
2.499760068217202	0.24885729912475796	0.8109130859375	0.1890869140625	0.81689453125	0.18310546875	
2.5031083446592373	4.132079376576556	0.917724609375	0.082275390625	0.9404296875	0.0595703125	
2.5064717950067505	1.7321161468469484	0.69580078125	0.30419921875	0.6927490234375	0.3072509765625	
2.5098506660229356	5.615338224298746	0.912841796875	0.087158203125	0.9112548828125	0.0887451171875	
2.5132452108895182	3.2153749945691388	0.8468017578125	0.1531982421875	0.87939453125	0.12060546875	
2.5166556894433185	0.8154117648413504	0.741455078125	0.258544921875	0.741455078125	0.258544921875	
2.5200823684241302	4.698633842291329	0.9373779296875	0.0626220703125	0.9490966796875	0.0509033203125	
2.5235255217345784	2.2986706125635408	0.7327880859375	0.2672119140625	0.7279052734375	0.2720947265625	
2.5269854307126702	6.18189269001352	0.8619384765625	0.1380615234375	0.8568115234375	0.1431884765625	
2.5304623844178096	3.781929460285731	0.8941650390625	0.1058349609375	0.9239501953125	0.0760498046875	
2.533956679931089	1.3819662305561238	0.705078125	0.294921875	0.706787109375	0.293212890625	
2.5374686226707492	5.265188308007922	0.9295654296875	0.0704345703125	0.9326171875	0.0673828125	
2.540998526723742	2.865225078280133	0.812744140625	0.187255859375	0.82568359375	0.17431640625	
2.5445467151944245	0.46526184855052577	0.785400390625	0.214599609375	0.7901611328125	0.2098388671875	
2.5481135205714645	4.348483926002324	0.9288330078125	0.0711669921875	0.9481201171875	0.0518798828125	
2.5516992851141462	1.9485206962727162	0.7235107421875	0.2764892578125	0.7158203125	0.2841796875	
2.5553043612593367	5.831742773724514	0.894775390625	0.105224609375	0.904296875	0.095703125	
2.5589291120504782	3.4317795439949066	0.8741455078125	0.1258544921875	0.8985595703125	0.1014404296875	
2.5625739115900865	1.0318163142671182	0.7357177734375	0.2642822265625	0.7313232421875	0.2686767578125	
2.5662391455173448	4.915038391717097	0.9310302734375	0.0689697265625	0.9425048828125	0.0574951171875	
2.56992521151251	2.5150751619893086	0.7669677734375	0.2330322265625	0.7615966796875	0.2384033203125	
2.573632519830007	0.11511193225970118	0.8343505859375	0.1656494140625	0.82373046875	0.17626953125	
2.5773614938622114	3.998334009711499	0.90966796875	0.09033203125	0.9293212890625	0.0706787109375	
2.581112570736125	1.5983707799818916	0.726806640625	0.273193359375	0.7115478515625	0.2884521484375	
2.5848862019453067	5.481592857433689	0.9178466796875	0.0821533203125	0.92138671875	0.07861328125	
2.588682854019644	3.081629627704082	0.824462890625	0.175537109375	0.84912109375	0.15087890625	
2.5925030092357666	0.6816663979762936	0.773193359375	0.226806640625	0.7691650390625	0.2308349609375	
2.596347166371165	4.564888475426272	0.9342041015625	0.0657958984375	0.9443359375	0.0556640625	
2.6002158415053285	2.164925245698484	0.7442626953125	0.2557373046875	0.735595703125	0.264404296875	
2.6041095688715536	6.048147323148463	0.8707275390625	0.1292724609375	0.87255859375	0.12744140625	
2.608028901763381	3.6481840934206744	0.881103515625	0.118896484375	0.9053955078125	0.0946044921875	
2.6119744135000076	1.248220863691067	0.7274169921875	0.2725830078125	0.735107421875	0.264892578125	
2.6159466984554296	5.131442941142865	0.9215087890625	0.0784912109375	0.9317626953125	0.0682373046875	
2.6199463731565378	2.7314797114150764	0.799072265625	0.200927734375	0.801025390625	0.198974609375	
2.6239740774558857	0.331516481685469	0.81396484375	0.18603515625	0.810302734375	0.189697265625	
2.6280304757854385	4.214738559137267	0.9215087890625	0.0784912109375	0.9366455078125	0.0633544921875	
2.6321162584982387	1.8147753294076594	0.7322998046875	0.2677001953125	0.725341796875	0.274658203125	
2.636232143305636	5.697997406859457	0.89990234375	0.10009765625	0.8917236328125	0.1082763671875	
2.6403788768185366	3.29803417712985	0.8533935546875	0.1466064453125	0.8714599609375	0.1285400390625	
2.6445572362020213	0.8980709474020614	0.760986328125	0.239013671875	0.7625732421875	0.2374267578125	
2.6487680309536867	4.78129302485204	0.9251708984375	0.0748291015625	0.93310546875	0.06689453125	
2.653012104817203	2.381329795124252	0.773681640625	0.226318359375	0.7591552734375	0.2408447265625	
2.6572903378438735	6.264551872574231	0.8465576171875	0.1534423828125	0.8424072265625	0.1575927734375	
2.6616036486164196	3.864588642846442	0.8905029296875	0.1094970703125	0.9149169921875	0.0850830078125	
2.66595299665087	1.4646254131168348	0.7388916015625	0.2611083984375	0.7408447265625	0.2591552734375	
2.670339384994298	5.347847490568633	0.909423828125	0.090576171875	0.9189453125	0.0810546875	
2.6747638630382777	2.947884260839025	0.8228759765625	0.1771240234375	0.8389892578125	0.1610107421875	
2.679227529570366	0.5479210311112368	0.80224609375	0.19775390625	0.8048095703125	0.1951904296875	
2.683731536088674	4.431143108561216	0.9144287109375	0.0855712890625	0.928955078125	0.071044921875	
2.688277090407803	2.031179878833427	0.761962890625	0.238037109375	0.7447509765625	0.2552490234375	
2.6928654605880413	5.914401956283406	0.8778076171875	0.1221923828125	0.88623046875	0.11376953125	
2.6974979792239786	3.5144387265556176	0.8646240234375	0.1353759765625	0.89111328125	0.10888671875	
2.70217604813352	1.1144754968278292	0.7529296875	0.2470703125	0.7655029296875	0.2344970703125	
2.7069011434939583	4.997697574277808	0.9136962890625	0.0863037109375	0.9229736328125	0.0770263671875	
2.711674821478317	2.5977343445500196	0.7923583984375	0.2076416015625	0.804931640625	0.195068359375	
2.7164987244528143	0.1977711148204122	0.830078125	0.169921875	0.8389892578125	0.1610107421875	
2.7213745878052626	4.08099319227221	0.8984375	0.1015625	0.9197998046875	0.0802001953125	
2.7263042474847032	1.6810299625426026	0.7572021484375	0.2427978515625	0.752197265625	0.247802734375	
2.7312896483449487	5.5642520399944	0.8958740234375	0.1041259765625	0.89697265625	0.10302734375	
2.7363328533993188	3.164288810264793	0.837158203125	0.162841796875	0.859375	0.140625	
2.741436054111195	0.7643255805370046	0.78759765625	0.21240234375	0.7852783203125	0.2147216796875	
2.746601581865674	4.647547657986983	0.9068603515625	0.0931396484375	0.9190673828125	0.0809326171875	
2.7518319207923185	2.247584428259195	0.78125	0.21875	0.770263671875	0.229736328125	
2.757129722138684	6.130806505709174	0.8590087890625	0.1409912109375	0.8604736328125	0.1395263671875	
2.762497820430145	3.7308432759813854	0.875732421875	0.124267578125	0.90087890625	0.09912109375	
2.7679392516950228	1.330880046251778	0.7685546875	0.2314453125	0.763916015625	0.236083984375	
2.7734572740870034	5.214102123703576	0.90380859375	0.09619140625	0.907958984375	0.092041015625	
2.7790553913018194	2.8141388939739684	0.818115234375	0.181884765625	0.8311767578125	0.1688232421875	
2.7847373792652568	0.41417566424618	0.8197021484375	0.1802978515625	0.8197021484375	0.1802978515625	
2.7905073166688927	4.297397741696159	0.8924560546875	0.1075439453125	0.912841796875	0.087158203125	
2.7963696200539725	1.8974345119683704	0.7822265625	0.2177734375	0.769775390625	0.230224609375	
2.8023290842996684	5.780656589418349	0.877685546875	0.122314453125	0.87939453125	0.12060546875	
2.808390929569243	3.380693359690561	0.849853515625	0.150146484375	0.864013671875	0.135986328125	
2.8145608560192663	0.9807301299627724	0.7847900390625	0.2152099609375	0.7869873046875	0.2130126953125	
2.8208451079006935	4.863952207412751	0.90283203125	0.09716796875	0.9102783203125	0.0897216796875	
2.8272505491005493	2.463988977684963	0.78955078125	0.21044921875	0.7740478515625	0.2259521484375	
2.8337847527230022	0.06402574795535543	0.8328857421875	0.1671142578125	0.8260498046875	0.1739501953125	
2.8404561080364212	3.9472478254071532	0.860107421875	0.139892578125	0.8878173828125	0.1121826171875	
2.847273949086638	1.5472845956775458	0.78173828125	0.21826171875	0.7677001953125	0.2322998046875	
2.8542487105946353	5.430506673129344	0.86865234375	0.13134765625	0.890625	0.109375	
2.861392118564198	3.0305434433997362	0.821533203125	0.178466796875	0.831787109375	0.168212890625	
2.8687174255383168	0.6305802136719478	0.8026123046875	0.1973876953125	0.8055419921875	0.1944580078125	
2.8762397039921437	4.513802291121927	0.8758544921875	0.1241455078125	0.89404296875	0.10595703125	
2.883976216447172	2.1138390613941382	0.78857421875	0.21142578125	0.779052734375	0.220947265625	
2.8919468883486625	5.997061138844117	0.847900390625	0.152099609375	0.858154296875	0.141845703125	
2.900174920887418	3.5970979091163287	0.846923828125	0.153076171875	0.86669921875	0.13330078125	
2.9086875979742013	1.1971346793867212	0.789306640625	0.210693359375	0.7838134765625	0.2161865234375	
2.9175173682879745	5.080356756838519	0.87548828125	0.12451171875	0.8829345703125	0.1170654296875	
2.926703326479624	2.6803935271089117	0.8079833984375	0.1920166015625	0.8040771484375	0.1959228515625	
2.936293289736853	0.28043029738112324	0.8270263671875	0.1729736328125	0.8206787109375	0.1793212890625	
2.9463467912238634	4.163652374831102	0.8511962890625	0.1488037109375	0.8760986328125	0.1239013671875	
2.9569395397647726	1.7636891451033136	0.810546875	0.189453125	0.7872314453125	0.2127685546875	
2.9681703324941893	5.6469112225532925	0.846435546875	0.153564453125	0.852783203125	0.147216796875	
2.980172303441365	3.246947992825504	0.8248291015625	0.1751708984375	0.842529296875	0.157470703125	
2.993132382593134	0.8469847630977156	0.8150634765625	0.1849365234375	0.8065185546875	0.1934814453125	
3.0073277475716576	4.7302068405476945	0.8509521484375	0.1490478515625	0.86181640625	0.13818359375	
3.0232019280620173	2.330243610819906	0.818359375	0.181640625	0.81005859375	0.18994140625	
3.0415509399782543	6.213465688269885	0.8416748046875	0.1583251953125	0.8394775390625	0.1605224609375	
3.0641136086659135	3.8135024585420965	0.8343505859375	0.1656494140625	0.8525390625	0.1474609375	
3.096867566421062	1.413539228812489	0.843017578125	0.156982421875	0.8328857421875	0.1671142578125	
